01
1355
0 1 2 0 1 1 0 1 2 2 0 0 0 2 2 1 1 1 2 2 0 0 1 3 1.13 1.02 0.85 
0 1 2 0 1 1 0 1 2 2 0 0 0 2 2 2 1 1 2 2 0 0 1 3 1.13 0.91 0.95 
0 1 2 0 1 1 0 1 2 2 0 0 0 2 2 2 1 2 2 2 0 0 1 3 1.13 0.81 1.06 
0 2 1 1 2 2 0 2 1 1 0 0 0 1 1 1 2 1 1 1 0 0 2 3 1.01 1.18 0.81 
0 2 1 1 2 2 0 2 1 1 0 0 0 1 1 1 2 2 1 1 0 0 2 3 1.01 1.07 0.91 
0 2 1 1 2 2 0 2 1 1 0 0 0 1 1 2 2 2 1 1 0 0 2 3 1.01 0.97 1.02 
0 2 1 1 2 2 0 2 1 1 0 0 0 1 2 2 2 2 1 1 0 0 2 3 1.01 0.84 1.15 
0 2 1 1 2 2 0 2 1 1 0 0 0 1 1 0 2 2 1 1 0 0 2 3 1.12 0.97 0.91 
0 0 1 1 2 2 0 2 1 1 0 0 0 1 1 2 2 2 1 1 0 0 2 3 1.13 0.97 0.9 
0 0 1 1 2 2 0 2 1 1 0 0 0 1 2 2 2 2 1 1 0 0 2 3 1.13 0.84 1.03 
0 2 1 1 0 2 0 2 1 1 0 0 0 1 1 2 2 2 1 1 0 0 2 3 1.17 0.97 0.87 
0 2 1 1 0 2 0 2 1 1 0 0 0 1 2 2 2 2 1 1 0 0 2 3 1.17 0.84 0.99 
0 2 1 1 2 0 0 2 1 1 0 0 0 1 1 2 2 2 1 1 0 0 2 3 1.15 0.97 0.88 
0 2 1 1 2 0 0 2 1 1 0 0 0 1 2 2 2 2 1 1 0 0 2 3 1.15 0.84 1.01 
0 2 1 1 2 2 0 0 1 1 0 0 0 1 1 2 2 2 1 1 0 0 2 3 1.16 0.97 0.88 
0 2 1 1 2 2 0 0 1 1 0 0 0 1 2 2 2 2 1 1 0 0 2 3 1.16 0.84 1.0 
0 2 1 1 2 2 0 2 1 1 0 0 0 1 1 1 2 0 1 1 0 0 2 3 1.12 1.07 0.81 
0 2 1 1 2 2 0 2 1 1 1 1 1 0 0 0 2 2 1 1 0 0 2 3 0.91 1.18 0.91 
0 2 1 1 2 2 0 2 1 1 1 1 1 0 0 0 2 0 1 1 0 0 2 3 1.01 1.18 0.81 
0 2 1 1 2 2 0 2 1 1 1 1 0 0 0 0 2 0 1 1 0 0 2 3 1.15 1.05 0.81 
0 2 1 1 2 2 0 2 1 1 1 0 0 0 0 0 2 2 1 1 0 0 2 3 1.19 0.89 0.91 
0 2 1 1 2 2 0 2 1 1 1 1 0 0 0 0 2 2 1 1 0 0 2 3 1.04 1.05 0.91 
0 2 1 1 2 2 0 2 1 1 1 0 0 1 0 0 2 0 1 1 0 0 2 3 1.19 1.0 0.81 
0 2 1 1 2 2 0 2 1 1 1 1 0 1 0 0 2 0 1 1 0 0 2 3 1.04 1.15 0.81 
0 2 1 1 2 2 0 2 1 1 1 0 0 1 0 0 2 2 1 1 0 0 2 3 1.09 1.0 0.91 
0 2 1 1 2 2 0 2 1 1 1 1 0 1 0 0 2 2 1 1 0 0 2 3 0.93 1.15 0.91 
0 2 1 1 2 2 0 2 1 1 1 0 0 1 1 0 2 0 1 1 0 0 2 3 1.07 1.12 0.81 
0 2 1 1 2 2 0 2 1 1 1 0 0 1 1 0 2 2 1 1 0 0 2 3 0.96 1.12 0.91 
0 0 2 2 0 0 0 1 2 2 2 2 2 1 1 1 1 1 2 2 0 0 1 3 0.97 0.85 1.18 
0 0 2 2 0 0 0 1 2 2 2 2 0 1 1 1 1 1 2 2 0 0 1 3 1.11 0.85 1.05 
0 0 2 2 1 0 0 1 2 2 2 2 2 1 1 1 1 1 2 2 0 0 1 3 0.82 1.0 1.18 
0 0 2 2 1 0 0 0 2 2 2 2 2 1 1 1 1 1 2 2 0 0 1 3 0.96 0.86 1.18 
0 0 2 2 1 0 0 0 2 2 2 2 0 1 1 1 1 1 2 2 0 0 1 3 1.1 0.86 1.05 
0 0 2 2 1 0 0 1 2 2 2 0 0 1 1 1 1 1 2 2 0 0 1 3 1.11 1.0 0.89 
0 0 2 2 1 0 0 1 2 2 2 0 0 2 1 1 1 1 2 2 0 0 1 3 1.11 0.89 1.0 
0 0 2 2 1 0 0 1 2 2 2 2 0 1 1 1 1 1 2 2 0 0 1 3 0.95 1.0 1.05 
0 0 2 2 1 0 0 1 2 2 2 2 0 2 1 1 1 1 2 2 0 0 1 3 0.95 0.89 1.15 
0 0 2 2 1 1 0 0 2 2 2 2 2 1 1 1 1 1 2 2 0 0 1 3 0.83 0.99 1.18 
0 0 2 2 1 1 0 0 2 2 2 2 2 1 1 1 1 1 2 2 0 0 0 3 0.94 0.88 1.18 
0 0 2 2 1 1 0 0 2 2 2 2 0 1 1 1 1 1 2 2 0 0 0 3 1.07 0.88 1.05 
0 0 2 2 1 1 0 0 2 2 2 0 0 1 1 1 1 1 2 2 0 0 1 3 1.12 0.99 0.89 
0 0 2 2 1 1 0 0 2 2 2 0 0 2 1 1 1 1 2 2 0 0 1 3 1.12 0.89 1.0 
0 0 2 2 1 1 0 0 2 2 2 2 0 1 1 1 1 1 2 2 0 0 1 3 0.96 0.99 1.05 
0 0 2 2 1 1 0 0 2 2 2 2 0 2 1 1 1 1 2 2 0 0 1 3 0.96 0.89 1.15 
0 0 2 2 1 1 0 1 2 2 2 0 0 1 1 1 1 1 2 2 0 0 1 3 0.97 1.14 0.89 
0 0 2 2 1 1 0 1 2 2 2 0 0 2 1 1 1 1 2 2 0 0 1 3 0.97 1.03 1.0 
0 0 2 2 1 1 0 1 2 2 2 0 0 2 2 1 1 1 2 2 0 0 1 3 0.97 0.9 1.12 
0 0 2 2 1 1 0 1 2 2 2 2 0 1 1 1 1 1 2 2 0 0 1 3 0.82 1.14 1.05 
0 0 2 2 1 1 0 1 2 2 2 2 0 2 1 1 1 1 2 2 0 0 1 3 0.82 1.03 1.15 
0 2 1 1 0 0 0 2 1 1 1 1 1 2 2 2 2 2 1 1 0 0 2 3 0.86 1.18 0.96 
0 2 1 1 0 0 0 0 1 1 1 1 1 2 2 2 2 2 1 1 0 0 2 3 1.0 1.18 0.82 
0 2 1 1 0 0 0 0 1 1 1 1 0 2 2 2 2 2 1 1 0 0 2 3 1.13 1.05 0.82 
0 2 1 1 0 0 0 2 1 1 1 0 0 1 2 2 2 2 1 1 0 0 2 3 1.15 1.0 0.86 
0 2 1 1 0 0 0 2 1 1 1 0 0 2 2 2 2 2 1 1 0 0 2 3 1.15 0.89 0.96 
0 2 1 1 0 0 0 2 1 1 1 1 0 1 2 2 2 2 1 1 0 0 2 3 0.99 1.15 0.86 
0 2 1 1 0 0 0 2 1 1 1 1 0 2 2 2 2 2 1 1 0 0 2 3 0.99 1.05 0.96 
0 1 2 2 0 1 0 0 2 2 2 2 2 1 1 1 1 1 2 2 0 0 1 3 0.86 0.96 1.18 
0 1 2 2 0 1 0 0 2 2 2 2 2 1 1 1 1 1 2 2 0 0 0 3 0.98 0.84 1.18 
0 1 2 2 0 1 0 0 2 2 2 2 0 1 1 1 1 1 2 2 0 0 0 3 1.11 0.84 1.05 
0 1 2 2 0 1 0 0 2 2 2 0 0 1 1 1 1 1 2 2 0 0 1 3 1.15 0.96 0.89 
0 1 2 2 0 1 0 0 2 2 2 0 0 2 1 1 1 1 2 2 0 0 1 3 1.15 0.85 1.0 
0 1 2 2 0 1 0 0 2 2 2 2 0 1 1 1 1 1 2 2 0 0 1 3 1.0 0.96 1.05 
0 1 2 2 0 1 0 0 2 2 2 2 0 2 1 1 1 1 2 2 0 0 1 3 1.0 0.85 1.15 
0 1 2 2 0 1 0 1 2 2 2 0 0 2 2 1 1 1 2 2 0 0 1 3 1.01 0.87 1.12 
0 1 2 2 0 1 0 1 2 2 2 0 0 1 1 1 1 1 2 2 0 0 1 3 1.01 1.1 0.89 
0 1 2 2 0 1 0 1 2 2 2 0 0 2 1 1 1 1 2 2 0 0 1 3 1.01 0.99 1.0 
0 1 2 2 0 1 0 1 2 2 2 2 0 1 1 1 1 1 2 2 0 0 1 3 0.85 1.1 1.05 
0 1 2 2 0 1 0 1 2 2 2 2 0 2 1 1 1 1 2 2 0 0 1 3 0.85 0.99 1.15 
0 2 1 1 2 0 0 0 1 1 1 1 1 2 2 2 2 2 1 1 0 0 2 3 0.85 1.18 0.97 
0 2 1 1 2 0 0 0 1 1 1 1 1 2 2 2 2 2 1 1 0 0 0 3 0.96 1.18 0.86 
0 2 1 1 2 0 0 0 1 1 1 1 0 2 2 2 2 2 1 1 0 0 0 3 1.1 1.05 0.86 
0 2 1 1 2 0 0 0 1 1 1 0 0 1 2 2 2 2 1 1 0 0 2 3 1.14 1.0 0.87 
0 2 1 1 2 0 0 0 1 1 1 0 0 2 2 2 2 2 1 1 0 0 2 3 1.14 0.89 0.97 
0 2 1 1 2 0 0 0 1 1 1 1 0 1 2 2 2 2 1 1 0 0 2 3 0.98 1.15 0.87 
0 2 1 1 2 0 0 0 1 1 1 1 0 2 2 2 2 2 1 1 0 0 2 3 0.98 1.05 0.97 
0 2 1 1 2 0 0 2 1 1 1 0 0 1 1 2 2 2 1 1 0 0 2 3 0.99 1.12 0.88 
0 2 1 1 2 0 0 2 1 1 1 0 0 1 2 2 2 2 1 1 0 0 2 3 0.99 1.0 1.01 
0 2 1 1 2 0 0 2 1 1 1 0 0 2 2 2 2 2 1 1 0 0 2 3 0.99 0.89 1.11 
0 2 1 1 2 0 0 2 1 1 1 1 0 1 2 2 2 2 1 1 0 0 2 3 0.84 1.15 1.01 
0 2 1 1 2 0 0 2 1 1 1 1 0 2 2 2 2 2 1 1 0 0 2 3 0.84 1.05 1.11 
0 2 1 1 2 2 0 0 1 1 1 1 1 2 2 2 2 2 1 1 0 0 0 3 0.83 1.18 0.99 
0 2 1 1 2 2 0 0 1 1 1 1 1 2 2 2 0 2 1 1 0 0 0 3 0.97 1.18 0.85 
0 2 1 1 2 2 0 0 1 1 1 1 0 2 2 2 0 2 1 1 0 0 0 3 1.11 1.05 0.85 
0 2 1 1 2 2 0 0 1 1 1 0 0 1 2 2 2 2 1 1 0 0 0 3 1.11 1.0 0.89 
0 2 1 1 2 2 0 0 1 1 1 0 0 2 2 2 2 2 1 1 0 0 0 3 1.11 0.89 0.99 
0 2 1 1 2 2 0 0 1 1 1 1 0 1 2 2 2 2 1 1 0 0 0 3 0.96 1.15 0.89 
0 2 1 1 2 2 0 0 1 1 1 1 0 2 2 2 2 2 1 1 0 0 0 3 0.96 1.05 0.99 
0 2 1 1 2 2 0 0 1 1 1 0 0 1 1 2 2 2 1 1 0 0 2 3 1.0 1.12 0.88 
0 2 1 1 2 2 0 0 1 1 1 0 0 1 2 2 2 2 1 1 0 0 2 3 1.0 1.0 1.0 
0 2 1 1 2 2 0 0 1 1 1 0 0 2 2 2 2 2 1 1 0 0 2 3 1.0 0.89 1.11 
0 2 1 1 2 2 0 0 1 1 1 1 0 1 2 2 2 2 1 1 0 0 2 3 0.85 1.15 1.0 
0 2 1 1 2 2 0 0 1 1 1 1 0 2 2 2 2 2 1 1 0 0 2 3 0.85 1.05 1.11 
0 2 1 1 2 2 0 2 1 1 1 0 0 1 1 2 2 2 1 1 0 0 2 3 0.86 1.12 1.02 
0 2 1 1 2 2 0 2 1 1 1 0 0 1 2 2 2 2 1 1 0 0 2 3 0.86 1.0 1.15 
1 0 2 2 0 0 0 1 2 2 2 2 2 1 1 1 1 1 2 2 0 0 1 3 0.83 0.99 1.18 
1 0 2 1 0 0 0 0 2 2 1 1 1 2 2 1 1 1 2 2 0 0 1 3 0.97 1.18 0.85 
1 0 2 2 0 0 0 0 2 2 1 1 1 2 1 1 1 1 2 2 0 0 1 3 0.97 1.19 0.84 
1 0 2 2 0 0 0 0 2 2 1 1 1 2 2 1 1 1 2 2 0 0 1 3 0.97 1.06 0.97 
2 0 1 1 0 0 0 0 1 1 1 1 1 2 2 2 2 2 1 1 0 0 2 3 0.97 1.18 0.85 
1 0 2 1 0 0 0 0 2 1 1 1 1 2 2 2 2 2 2 2 0 0 0 3 1.09 0.81 1.1 
1 0 2 1 0 0 0 0 2 2 1 1 1 2 2 1 1 1 2 2 0 0 0 3 1.09 1.06 0.85 
1 0 2 2 0 0 0 0 2 2 1 1 1 2 1 1 1 1 2 2 0 0 0 3 1.09 1.07 0.84 
1 0 2 2 0 0 0 0 2 2 1 1 1 2 2 1 1 1 2 2 0 0 0 3 1.09 0.95 0.97 
1 0 2 1 0 0 0 0 2 2 1 1 0 2 2 1 1 1 2 2 0 0 1 3 1.11 1.04 0.85 
1 0 2 2 0 0 0 0 2 2 1 1 0 2 1 1 1 1 2 2 0 0 1 3 1.11 1.05 0.84 
1 0 2 2 0 0 0 0 2 2 1 1 0 2 2 1 1 1 2 2 0 0 1 3 1.11 0.93 0.97 
2 0 1 1 0 0 0 0 1 1 1 1 0 2 2 2 2 2 1 1 0 0 2 3 1.11 1.05 0.85 
1 0 2 1 0 0 0 1 2 2 1 0 0 2 2 1 1 1 2 2 0 0 1 3 1.12 1.03 0.85 
1 0 2 2 0 0 0 1 2 2 1 0 0 2 2 1 1 1 2 2 0 0 1 3 1.12 0.92 0.97 
1 0 2 2 0 0 0 1 2 2 1 0 0 2 1 1 1 1 2 2 0 0 1 3 1.12 1.04 0.84 
1 0 2 2 0 0 0 1 2 2 2 0 0 1 1 1 1 1 2 2 0 0 1 3 1.12 0.99 0.89 
1 0 2 2 0 0 0 1 2 2 2 0 0 2 1 1 1 1 2 2 0 0 1 3 1.12 0.89 1.0 
2 0 2 2 0 0 0 1 2 2 2 0 0 1 1 1 1 1 2 2 0 0 1 3 1.12 0.85 1.04 
1 0 2 1 0 0 0 1 2 2 1 1 0 2 2 1 1 1 2 2 0 0 1 3 0.96 1.19 0.85 
1 0 2 2 0 0 0 1 2 2 1 1 0 2 2 1 1 1 2 2 0 0 1 3 0.96 1.07 0.97 
1 0 2 2 0 0 0 1 2 2 1 1 0 2 1 1 1 1 2 2 0 0 1 3 0.96 1.2 0.84 
1 0 2 2 0 0 0 1 2 2 2 2 0 1 1 1 1 1 2 2 0 0 1 3 0.96 0.99 1.05 
1 0 2 2 0 0 0 1 2 2 2 2 0 2 1 1 1 1 2 2 0 0 1 3 0.96 0.89 1.15 
2 0 2 2 0 0 0 1 2 2 2 2 0 1 1 1 1 1 2 2 0 0 1 3 0.96 0.85 1.19 
1 0 2 2 1 0 0 0 2 2 2 2 2 1 1 1 1 1 2 2 0 0 1 3 0.82 1.0 1.18 
1 0 2 2 1 0 0 0 2 2 1 1 1 2 2 1 1 1 2 2 0 0 0 3 0.93 1.1 0.97 
1 0 2 2 1 0 0 0 2 2 2 2 2 1 1 1 1 1 2 2 0 0 0 3 0.93 0.89 1.18 
1 0 2 1 1 0 0 0 2 2 1 1 1 2 2 1 0 1 2 2 0 0 0 3 1.08 1.07 0.85 
1 0 2 2 1 0 0 0 2 2 1 1 1 2 2 1 0 1 2 2 0 0 0 3 1.08 0.95 0.97 
1 0 2 2 1 0 0 0 2 2 1 1 1 2 1 1 0 1 2 2 0 0 0 3 1.08 1.08 0.84 
2 0 1 2 1 0 0 0 1 2 2 2 2 1 1 1 0 1 1 1 0 0 0 3 1.08 1.11 0.81 
1 0 2 1 1 0 0 0 2 2 1 1 0 2 2 1 1 1 2 2 0 0 0 3 1.07 1.08 0.85 
1 0 2 2 1 0 0 0 2 2 1 1 0 2 1 1 1 1 2 2 0 0 0 3 1.07 1.09 0.84 
1 0 2 2 1 0 0 0 2 2 1 1 0 2 2 1 1 1 2 2 0 0 0 3 1.07 0.97 0.97 
1 0 2 2 1 0 0 0 2 2 2 2 0 1 1 1 1 1 2 2 0 0 0 3 1.07 0.89 1.05 
1 0 2 1 1 0 0 0 2 2 1 0 0 2 2 1 1 1 2 2 0 0 1 3 1.11 1.04 0.85 
1 0 2 2 1 0 0 0 2 2 1 0 0 2 1 1 1 1 2 2 0 0 1 3 1.11 1.05 0.84 
1 0 2 2 1 0 0 0 2 2 1 0 0 2 2 1 1 1 2 2 0 0 1 3 1.11 0.92 0.97 
1 0 2 2 1 0 0 0 2 2 2 0 0 1 1 1 1 1 2 2 0 0 1 3 1.11 1.0 0.89 
1 0 2 2 1 0 0 0 2 2 2 0 0 2 1 1 1 1 2 2 0 0 1 3 1.11 0.89 1.0 
2 0 2 2 1 0 0 0 2 2 2 0 0 1 1 1 1 1 2 2 0 0 1 3 1.11 0.86 1.04 
1 0 2 1 1 0 0 0 2 2 1 1 0 2 2 1 1 1 2 2 0 0 1 3 0.95 1.2 0.85 
1 0 2 2 1 0 0 0 2 2 1 1 0 2 2 1 1 1 2 2 0 0 1 3 0.95 1.08 0.97 
1 0 2 2 1 0 0 0 2 2 2 2 0 1 1 1 1 1 2 2 0 0 1 3 0.95 1.0 1.05 
1 0 2 2 1 0 0 0 2 2 2 2 0 2 1 1 1 1 2 2 0 0 1 3 0.95 0.89 1.15 
2 0 2 2 1 0 0 0 2 2 2 2 0 1 1 1 1 1 2 2 0 0 1 3 0.95 0.86 1.19 
1 0 2 1 1 0 0 1 2 2 0 0 0 2 2 1 1 1 2 2 0 0 1 3 1.12 1.03 0.85 
1 0 2 2 1 0 0 1 2 2 0 0 0 2 1 1 1 1 2 2 0 0 1 3 1.12 1.04 0.84 
1 0 2 2 1 0 0 1 2 2 0 0 0 2 2 1 1 1 2 2 0 0 1 3 1.12 0.91 0.97 
2 0 2 2 1 0 0 1 2 2 0 0 0 1 1 1 1 1 2 2 0 0 1 3 1.12 1.0 0.88 
2 0 2 2 1 0 0 1 2 2 0 0 0 2 1 1 1 1 2 2 0 0 1 3 1.12 0.89 0.98 
1 0 2 1 1 0 0 1 2 2 1 0 0 2 2 1 1 1 2 2 0 0 1 3 0.97 1.18 0.85 
1 0 2 2 1 0 0 1 2 2 1 0 0 2 1 1 1 1 2 2 0 0 1 3 0.97 1.19 0.84 
1 0 2 2 1 0 0 1 2 2 1 0 0 2 2 1 1 1 2 2 0 0 1 3 0.97 1.07 0.97 
1 0 2 2 1 0 0 1 2 2 2 0 0 1 1 1 1 1 2 2 0 0 1 3 0.97 1.14 0.89 
1 0 2 2 1 0 0 1 2 2 2 0 0 2 1 1 1 1 2 2 0 0 1 3 0.97 1.04 1.0 
1 0 2 2 1 0 0 1 2 2 2 0 0 2 2 1 1 1 2 2 0 0 1 3 0.97 0.91 1.12 
2 0 2 2 1 0 0 1 2 2 2 0 0 1 1 1 1 1 2 2 0 0 1 3 0.97 1.0 1.04 
2 0 2 2 1 0 0 1 2 2 2 0 0 2 1 1 1 1 2 2 0 0 1 3 0.97 0.89 1.14 
1 0 2 2 1 0 0 1 2 2 2 2 0 1 1 1 1 1 2 2 0 0 1 3 0.81 1.14 1.05 
1 0 2 2 1 0 0 1 2 2 2 2 0 2 1 1 1 1 2 2 0 0 1 3 0.81 1.04 1.15 
2 0 2 2 1 0 0 1 2 2 2 2 0 1 1 1 1 1 2 2 0 0 1 3 0.81 1.0 1.19 
1 0 2 2 1 1 0 0 2 2 1 1 1 2 2 1 0 1 2 2 0 0 0 3 0.94 1.09 0.97 
1 0 2 2 1 1 0 0 2 2 2 2 2 1 1 1 0 1 2 2 0 0 0 3 0.94 0.88 1.18 
1 0 2 1 1 1 0 0 2 2 1 1 0 2 2 1 0 1 2 2 0 0 0 3 1.08 1.07 0.85 
1 0 2 2 1 1 0 0 2 2 1 1 0 2 2 1 0 1 2 2 0 0 0 3 1.08 0.96 0.97 
1 0 2 2 1 1 0 0 2 2 1 1 0 2 1 1 0 1 2 2 0 0 0 3 1.08 1.08 0.84 
1 0 2 2 1 1 0 0 2 2 2 2 0 1 1 1 0 1 2 2 0 0 0 3 1.08 0.88 1.05 
1 0 2 1 1 1 0 0 2 2 1 0 0 2 2 1 1 1 2 2 0 0 0 3 1.09 1.06 0.85 
1 0 2 2 1 1 0 0 2 2 1 0 0 2 1 1 1 1 2 2 0 0 0 3 1.09 1.07 0.84 
1 0 2 2 1 1 0 0 2 2 1 0 0 2 2 1 1 1 2 2 0 0 0 3 1.09 0.95 0.97 
1 0 2 2 1 1 0 0 2 2 2 0 0 1 1 1 1 1 2 2 0 0 0 3 1.09 1.02 0.89 
1 0 2 2 1 1 0 0 2 2 2 0 0 2 1 1 1 1 2 2 0 0 0 3 1.09 0.92 1.0 
2 0 2 2 1 1 0 0 2 2 2 0 0 1 1 1 1 1 2 2 0 0 0 3 1.09 0.88 1.04 
1 0 2 2 1 1 0 0 2 2 1 1 0 2 2 1 1 1 2 2 0 0 0 3 0.93 1.1 0.97 
1 0 2 2 1 1 0 0 2 2 2 2 0 1 1 1 1 1 2 2 0 0 0 3 0.93 1.02 1.05 
1 0 2 2 1 1 0 0 2 2 2 2 0 2 1 1 1 1 2 2 0 0 0 3 0.93 0.92 1.15 
2 0 2 2 1 1 0 0 2 2 2 2 0 1 1 1 1 1 2 2 0 0 0 3 0.93 0.88 1.19 
1 0 2 1 1 1 0 0 2 2 0 0 0 2 2 1 1 1 2 2 0 0 1 3 1.13 1.02 0.85 
1 0 2 2 1 1 0 0 2 2 0 0 0 2 1 1 1 1 2 2 0 0 1 3 1.13 1.03 0.84 
1 0 2 2 1 1 0 0 2 2 0 0 0 2 2 1 1 1 2 2 0 0 1 3 1.13 0.9 0.97 
2 0 2 2 1 1 0 0 2 2 0 0 0 1 1 1 1 1 2 2 0 0 1 3 1.13 0.99 0.88 
2 0 2 2 1 1 0 0 2 2 0 0 0 2 1 1 1 1 2 2 0 0 1 3 1.13 0.89 0.98 
1 0 2 1 1 1 0 0 2 2 1 0 0 2 2 1 1 1 2 2 0 0 1 3 0.97 1.18 0.85 
1 0 2 2 1 1 0 0 2 2 1 0 0 2 1 1 1 1 2 2 0 0 1 3 0.97 1.19 0.84 
1 0 2 2 1 1 0 0 2 2 1 0 0 2 2 1 1 1 2 2 0 0 1 3 0.97 1.06 0.97 
1 0 2 2 1 1 0 0 2 2 2 0 0 1 1 1 1 1 2 2 0 0 1 3 0.97 1.14 0.89 
1 0 2 2 1 1 0 0 2 2 2 0 0 2 1 1 1 1 2 2 0 0 1 3 0.97 1.03 1.0 
1 0 2 2 1 1 0 0 2 2 2 0 0 2 2 1 1 1 2 2 0 0 1 3 0.97 0.9 1.12 
2 0 2 2 1 1 0 0 2 2 2 0 0 1 1 1 1 1 2 2 0 0 1 3 0.97 0.99 1.04 
2 0 2 2 1 1 0 0 2 2 2 0 0 2 1 1 1 1 2 2 0 0 1 3 0.97 0.89 1.14 
1 0 2 2 1 1 0 0 2 2 2 2 0 1 1 1 1 1 2 2 0 0 1 3 0.82 1.14 1.05 
1 0 2 2 1 1 0 0 2 2 2 2 0 2 1 1 1 1 2 2 0 0 1 3 0.82 1.03 1.15 
2 0 2 2 1 1 0 0 2 2 2 2 0 1 1 1 1 1 2 2 0 0 1 3 0.82 0.99 1.19 
1 0 2 0 1 1 0 1 2 2 0 0 0 2 2 1 1 1 2 2 0 0 1 3 1.1 1.05 0.85 
2 0 2 0 1 1 0 1 2 2 0 0 0 2 1 1 1 1 2 2 0 0 1 3 1.1 1.03 0.87 
2 0 2 0 1 1 0 1 2 2 0 0 0 2 2 1 1 1 2 2 0 0 1 3 1.1 0.9 0.99 
1 0 2 1 1 1 0 1 2 2 0 0 0 2 2 1 1 1 2 2 0 0 1 3 0.99 1.16 0.85 
1 0 2 2 1 1 0 1 2 2 0 0 0 2 1 1 1 1 2 2 0 0 1 3 0.99 1.17 0.84 
1 0 2 2 1 1 0 1 2 2 0 0 0 2 2 1 1 1 2 2 0 0 1 3 0.99 1.05 0.97 
2 0 2 2 1 1 0 1 2 2 0 0 0 1 1 1 1 1 2 2 0 0 1 3 0.99 1.14 0.88 
2 0 2 2 1 1 0 1 2 2 0 0 0 2 1 1 1 1 2 2 0 0 1 3 0.99 1.03 0.98 
2 0 2 2 1 1 0 1 2 2 0 0 0 2 2 1 1 1 2 2 0 0 1 3 0.99 0.9 1.11 
1 0 2 2 1 1 0 1 2 2 2 0 0 2 1 1 1 1 2 2 0 0 1 3 0.83 1.17 1.0 
1 0 2 2 1 1 0 1 2 2 2 0 0 2 2 1 1 1 2 2 0 0 1 3 0.83 1.05 1.12 
2 0 2 2 1 1 0 1 2 2 2 0 0 1 1 1 1 1 2 2 0 0 1 3 0.83 1.14 1.04 
2 0 2 2 1 1 0 1 2 2 2 0 0 2 1 1 1 1 2 2 0 0 1 3 0.83 1.03 1.14 
1 1 2 2 0 0 0 0 2 2 1 1 1 2 2 1 1 1 2 2 0 0 1 3 0.86 1.18 0.97 
2 2 1 1 0 0 0 0 1 1 1 1 1 2 2 2 2 2 1 1 0 0 2 3 0.86 1.18 0.96 
1 1 2 1 0 0 0 0 2 2 1 1 1 2 2 1 1 1 2 2 0 0 0 3 0.97 1.18 0.85 
1 1 2 2 0 0 0 0 2 2 1 1 1 2 1 1 1 1 2 2 0 0 0 3 0.97 1.19 0.84 
1 1 2 2 0 0 0 0 2 2 1 1 1 2 2 1 1 1 2 2 0 0 0 3 0.97 1.06 0.97 
2 2 1 1 0 0 0 0 1 1 1 1 1 2 2 2 2 2 1 1 0 0 0 3 0.97 1.18 0.85 
1 1 2 1 0 0 0 0 2 2 1 1 1 2 2 1 0 1 2 2 0 0 0 3 1.12 1.03 0.85 
1 1 2 2 0 0 0 0 2 2 1 1 1 2 2 1 0 1 2 2 0 0 0 3 1.12 0.91 0.97 
1 1 2 2 0 0 0 0 2 2 1 1 1 2 1 1 0 1 2 2 0 0 0 3 1.12 1.04 0.84 
2 1 1 2 0 0 0 0 1 2 2 2 2 1 1 1 0 1 1 1 0 0 0 3 1.12 1.07 0.81 
1 1 2 1 0 0 0 0 2 2 1 1 0 2 2 1 1 1 2 2 0 0 0 3 1.1 1.05 0.85 
1 1 2 2 0 0 0 0 2 2 1 1 0 2 1 1 1 1 2 2 0 0 0 3 1.1 1.06 0.84 
1 1 2 2 0 0 0 0 2 2 1 1 0 2 2 1 1 1 2 2 0 0 0 3 1.1 0.93 0.97 
2 2 1 1 0 0 0 0 1 1 1 1 0 2 2 2 2 2 1 1 0 0 0 3 1.1 1.05 0.85 
1 2 1 1 0 0 0 0 1 1 1 0 0 2 2 2 2 2 1 1 0 0 2 3 1.15 1.04 0.82 
2 2 1 1 0 0 0 0 1 1 1 0 0 2 2 2 2 2 1 1 0 0 2 3 1.15 0.89 0.96 
2 2 1 1 0 0 0 0 1 1 1 0 0 1 2 2 2 2 1 1 0 0 2 3 1.15 1.0 0.86 
2 2 1 1 0 0 0 0 1 1 2 0 0 1 2 2 2 2 1 1 0 0 2 3 1.15 0.84 1.01 
2 2 1 1 0 0 0 0 1 1 2 0 0 1 1 2 2 2 1 1 0 0 2 3 1.15 0.97 0.89 
2 2 1 2 0 0 0 0 1 1 2 0 0 1 1 2 2 2 1 1 0 0 2 3 1.15 0.85 1.0 
1 2 1 1 0 0 0 0 1 1 1 1 0 2 2 2 2 2 1 1 0 0 2 3 0.99 1.19 0.82 
1 1 2 1 0 0 0 0 2 2 1 1 0 2 2 1 1 1 2 2 0 0 1 3 0.99 1.16 0.85 
1 1 2 2 0 0 0 0 2 2 1 1 0 2 1 1 1 1 2 2 0 0 1 3 0.99 1.17 0.84 
1 1 2 2 0 0 0 0 2 2 1 1 0 2 2 1 1 1 2 2 0 0 1 3 0.99 1.04 0.97 
2 2 1 1 0 0 0 0 1 1 1 1 0 1 2 2 2 2 1 1 0 0 2 3 0.99 1.15 0.86 
2 2 1 1 0 0 0 0 1 1 1 1 0 2 2 2 2 2 1 1 0 0 2 3 0.99 1.05 0.96 
1 2 1 1 0 0 0 2 1 1 0 0 0 1 2 2 2 2 1 1 0 0 2 3 1.16 0.98 0.86 
1 2 1 1 0 0 0 2 1 1 0 0 0 2 2 2 2 2 1 1 0 0 2 3 1.16 0.88 0.96 
1 1 2 1 0 0 0 1 2 2 0 0 0 2 2 1 1 1 2 2 0 0 1 3 1.16 0.99 0.85 
2 2 1 1 0 0 0 2 1 1 0 0 0 1 1 2 2 2 1 1 0 0 2 3 1.16 0.97 0.87 
2 2 1 1 0 0 0 2 1 1 0 0 0 1 2 2 2 2 1 1 0 0 2 3 1.16 0.84 1.0 
1 1 2 1 0 0 0 1 2 2 1 0 0 2 2 1 1 1 2 2 0 0 1 3 1.0 1.15 0.85 
1 1 2 2 0 0 0 1 2 2 1 0 0 2 1 1 1 1 2 2 0 0 1 3 1.0 1.16 0.84 
1 1 2 2 0 0 0 1 2 2 1 0 0 2 2 1 1 1 2 2 0 0 1 3 1.0 1.03 0.97 
1 1 2 2 0 0 0 1 2 2 2 0 0 1 1 1 1 1 2 2 0 0 1 3 1.0 1.11 0.89 
1 1 2 2 0 0 0 1 2 2 2 0 0 2 1 1 1 1 2 2 0 0 1 3 1.0 1.0 1.0 
1 1 2 2 0 0 0 1 2 2 2 0 0 2 2 1 1 1 2 2 0 0 1 3 1.0 0.87 1.12 
2 1 2 2 0 0 0 1 2 2 2 0 0 1 1 1 1 1 2 2 0 0 1 3 1.0 0.96 1.04 
2 1 2 2 0 0 0 1 2 2 2 0 0 2 1 1 1 1 2 2 0 0 1 3 1.0 0.86 1.14 
1 2 1 1 0 0 0 2 1 1 1 1 0 2 2 2 2 2 1 1 0 0 2 3 0.85 1.19 0.96 
1 1 2 2 0 0 0 1 2 2 1 1 0 2 2 1 1 1 2 2 0 0 1 3 0.85 1.19 0.97 
2 2 1 1 0 0 0 2 1 1 1 1 0 1 2 2 2 2 1 1 0 0 2 3 0.85 1.15 1.0 
2 2 1 1 0 0 0 2 1 1 1 1 0 2 2 2 2 2 1 1 0 0 2 3 0.85 1.05 1.11 
1 1 2 2 0 1 0 0 2 2 1 1 1 2 2 1 1 1 2 2 0 0 0 3 0.83 1.2 0.97 
1 1 2 2 0 1 0 0 2 2 2 2 2 1 1 1 1 1 2 2 0 0 0 3 0.83 0.99 1.18 
1 1 2 1 0 1 0 0 2 2 1 1 1 2 2 1 0 1 2 2 0 0 0 3 0.98 1.17 0.85 
1 1 2 2 0 1 0 0 2 2 1 1 1 2 2 1 0 1 2 2 0 0 0 3 0.98 1.05 0.97 
1 1 2 2 0 1 0 0 2 2 1 1 1 2 1 1 0 1 2 2 0 0 0 3 0.98 1.18 0.84 
1 1 2 2 0 1 0 0 2 2 2 2 2 1 1 1 0 1 2 2 0 0 0 3 0.98 0.84 1.18 
1 1 2 1 0 1 0 0 2 2 1 1 0 2 2 1 0 1 2 2 0 0 0 3 1.11 1.04 0.85 
1 1 2 2 0 1 0 0 2 2 1 1 0 2 2 1 0 1 2 2 0 0 0 3 1.11 0.92 0.97 
1 1 2 2 0 1 0 0 2 2 1 1 0 2 1 1 0 1 2 2 0 0 0 3 1.11 1.05 0.84 
1 1 2 2 0 1 0 0 2 2 2 2 0 1 1 1 0 1 2 2 0 0 0 3 1.11 0.84 1.05 
1 1 2 1 0 1 0 0 2 2 1 0 0 2 2 1 1 1 2 2 0 0 0 3 1.12 1.03 0.85 
1 1 2 2 0 1 0 0 2 2 1 0 0 2 2 1 1 1 2 2 0 0 0 3 1.12 0.91 0.97 
1 1 2 2 0 1 0 0 2 2 1 0 0 2 1 1 1 1 2 2 0 0 0 3 1.12 1.04 0.84 
1 1 2 2 0 1 0 0 2 2 2 0 0 1 1 1 1 1 2 2 0 0 0 3 1.12 0.99 0.89 
1 1 2 2 0 1 0 0 2 2 2 0 0 2 1 1 1 1 2 2 0 0 0 3 1.12 0.88 1.0 
2 1 2 2 0 1 0 0 2 2 2 0 0 1 1 1 1 1 2 2 0 0 0 3 1.12 0.84 1.04 
1 1 2 1 0 1 0 0 2 2 1 1 0 2 2 1 1 1 2 2 0 0 0 3 0.97 1.18 0.85 
1 1 2 2 0 1 0 0 2 2 1 1 0 2 2 1 1 1 2 2 0 0 0 3 0.97 1.07 0.97 
1 1 2 2 0 1 0 0 2 2 1 1 0 2 1 1 1 1 2 2 0 0 0 3 0.97 1.19 0.84 
1 1 2 2 0 1 0 0 2 2 2 2 0 1 1 1 1 1 2 2 0 0 0 3 0.97 0.99 1.05 
1 1 2 2 0 1 0 0 2 2 2 2 0 2 1 1 1 1 2 2 0 0 0 3 0.97 0.88 1.15 
2 1 2 2 0 1 0 0 2 2 2 2 0 1 1 1 1 1 2 2 0 0 0 3 0.97 0.84 1.19 
1 1 2 1 0 1 0 0 2 2 0 0 0 2 2 1 1 1 2 2 0 0 1 3 1.17 0.98 0.85 
1 1 2 2 0 1 0 0 2 2 0 0 0 2 1 1 1 1 2 2 0 0 1 3 1.17 0.99 0.84 
1 1 2 2 0 1 0 0 2 2 0 0 0 2 2 1 1 1 2 2 0 0 1 3 1.17 0.87 0.97 
2 1 2 2 0 1 0 0 2 2 0 0 0 1 1 1 1 1 2 2 0 0 1 3 1.17 0.96 0.88 
2 1 2 2 0 1 0 0 2 2 0 0 0 2 1 1 1 1 2 2 0 0 1 3 1.17 0.85 0.98 
1 1 2 1 0 1 0 0 2 2 1 0 0 2 2 1 1 1 2 2 0 0 1 3 1.01 1.14 0.85 
1 1 2 2 0 1 0 0 2 2 1 0 0 2 1 1 1 1 2 2 0 0 1 3 1.01 1.15 0.84 
1 1 2 2 0 1 0 0 2 2 1 0 0 2 2 1 1 1 2 2 0 0 1 3 1.01 1.02 0.97 
1 1 2 2 0 1 0 0 2 2 2 0 0 1 1 1 1 1 2 2 0 0 1 3 1.01 1.1 0.89 
1 1 2 2 0 1 0 0 2 2 2 0 0 2 1 1 1 1 2 2 0 0 1 3 1.01 0.99 1.0 
1 1 2 2 0 1 0 0 2 2 2 0 0 2 2 1 1 1 2 2 0 0 1 3 1.01 0.87 1.12 
2 1 2 2 0 1 0 0 2 2 2 0 0 1 1 1 1 1 2 2 0 0 1 3 1.01 0.96 1.04 
2 1 2 2 0 1 0 0 2 2 2 0 0 2 1 1 1 1 2 2 0 0 1 3 1.01 0.85 1.14 
1 1 2 2 0 1 0 0 2 2 1 1 0 2 2 1 1 1 2 2 0 0 1 3 0.85 1.18 0.97 
1 1 2 2 0 1 0 0 2 2 2 2 0 1 1 1 1 1 2 2 0 0 1 3 0.85 1.1 1.05 
1 1 2 2 0 1 0 0 2 2 2 2 0 2 1 1 1 1 2 2 0 0 1 3 0.85 0.99 1.15 
2 1 2 2 0 1 0 0 2 2 2 2 0 1 1 1 1 1 2 2 0 0 1 3 0.85 0.96 1.19 
2 1 2 0 0 1 0 1 2 2 0 0 0 2 2 1 1 1 2 2 0 0 1 3 1.14 0.87 0.99 
1 1 2 0 0 1 0 1 2 2 0 0 0 2 2 1 1 1 2 2 0 0 1 3 1.14 1.01 0.85 
2 1 2 0 0 1 0 1 2 2 0 0 0 2 1 1 1 1 2 2 0 0 1 3 1.14 0.99 0.87 
2 1 2 2 0 1 0 1 2 2 0 0 0 2 2 1 1 1 2 2 0 0 1 3 1.02 0.87 1.11 
1 1 2 2 0 1 0 1 2 2 0 0 0 2 2 1 1 1 2 2 0 0 1 3 1.02 1.01 0.97 
1 1 2 1 0 1 0 1 2 2 0 0 0 2 2 1 1 1 2 2 0 0 1 3 1.02 1.13 0.85 
1 1 2 2 0 1 0 1 2 2 0 0 0 2 1 1 1 1 2 2 0 0 1 3 1.02 1.14 0.84 
2 1 2 2 0 1 0 1 2 2 0 0 0 1 1 1 1 1 2 2 0 0 1 3 1.02 1.1 0.88 
2 1 2 2 0 1 0 1 2 2 0 0 0 2 1 1 1 1 2 2 0 0 1 3 1.02 0.99 0.98 
1 1 2 2 0 1 0 1 2 2 2 0 0 2 2 1 1 1 2 2 0 0 1 3 0.87 1.01 1.12 
1 1 2 2 0 1 0 1 2 2 1 0 0 2 2 1 1 1 2 2 0 0 1 3 0.87 1.17 0.97 
1 1 2 2 0 1 0 1 2 2 2 0 0 2 1 1 1 1 2 2 0 0 1 3 0.87 1.14 1.0 
2 1 2 2 0 1 0 1 2 2 2 0 0 1 1 1 1 1 2 2 0 0 1 3 0.87 1.1 1.04 
2 1 2 2 0 1 0 1 2 2 2 0 0 2 1 1 1 1 2 2 0 0 1 3 0.87 0.99 1.14 
2 2 1 1 2 0 0 0 1 1 1 1 1 2 2 2 2 2 1 1 0 0 0 3 0.82 1.18 1.0 
1 1 2 1 1 0 0 0 2 2 1 1 1 2 2 1 0 1 2 2 0 0 0 3 0.97 1.18 0.85 
1 1 2 2 1 0 0 0 2 2 1 1 1 2 1 1 0 1 2 2 0 0 0 3 0.97 1.19 0.84 
1 1 2 2 1 0 0 0 2 2 1 1 1 2 2 1 0 1 2 2 0 0 0 3 0.97 1.07 0.97 
2 2 1 1 2 0 0 0 1 1 1 1 1 2 2 2 0 2 1 1 0 0 0 3 0.97 1.18 0.85 
1 1 2 1 1 0 0 0 2 2 1 1 0 2 2 1 0 1 2 2 0 0 0 3 1.1 1.05 0.85 
1 1 2 2 1 0 0 0 2 2 1 1 0 2 1 1 0 1 2 2 0 0 0 3 1.1 1.06 0.84 
1 1 2 2 1 0 0 0 2 2 1 1 0 2 2 1 0 1 2 2 0 0 0 3 1.1 0.93 0.97 
2 2 1 1 2 0 0 0 1 1 1 1 0 2 2 2 0 2 1 1 0 0 0 3 1.1 1.05 0.85 
1 1 2 1 1 0 0 0 2 2 1 0 0 2 2 1 1 1 2 2 0 0 0 3 1.11 1.04 0.85 
1 1 2 2 1 0 0 0 2 2 1 0 0 2 2 1 1 1 2 2 0 0 0 3 1.11 0.93 0.97 
1 1 2 2 1 0 0 0 2 2 1 0 0 2 1 1 1 1 2 2 0 0 0 3 1.11 1.05 0.84 
1 1 2 2 1 0 0 0 2 2 2 0 0 1 1 1 1 1 2 2 0 0 0 3 1.11 1.0 0.89 
1 1 2 2 1 0 0 0 2 2 2 0 0 2 1 1 1 1 2 2 0 0 0 3 1.11 0.9 1.0 
2 1 2 2 1 0 0 0 2 2 2 0 0 1 1 1 1 1 2 2 0 0 0 3 1.11 0.86 1.04 
1 2 1 1 2 0 0 0 1 1 1 1 0 2 2 2 2 2 1 1 0 0 0 3 0.95 1.19 0.86 
1 1 2 1 1 0 0 0 2 2 1 1 0 2 2 1 1 1 2 2 0 0 0 3 0.95 1.2 0.85 
1 1 2 2 1 0 0 0 2 2 1 1 0 2 2 1 1 1 2 2 0 0 0 3 0.95 1.08 0.97 
2 2 1 1 2 0 0 0 1 1 1 1 0 1 2 2 2 2 1 1 0 0 0 3 0.95 1.15 0.9 
2 2 1 1 2 0 0 0 1 1 1 1 0 2 2 2 2 2 1 1 0 0 0 3 0.95 1.05 1.0 
1 2 1 1 2 0 0 0 1 1 0 0 0 1 2 2 2 2 1 1 0 0 2 3 1.15 0.98 0.87 
1 2 1 1 2 0 0 0 1 1 0 0 0 2 2 2 2 2 1 1 0 0 2 3 1.15 0.88 0.97 
1 1 2 1 1 0 0 0 2 2 0 0 0 2 2 1 1 1 2 2 0 0 1 3 1.15 1.0 0.85 
2 2 1 1 2 0 0 0 1 1 0 0 0 1 1 2 2 2 1 1 0 0 2 3 1.15 0.97 0.88 
2 2 1 1 2 0 0 0 1 1 0 0 0 1 2 2 2 2 1 1 0 0 2 3 1.15 0.84 1.01 
1 1 2 1 1 0 0 0 2 2 1 0 0 2 2 1 1 1 2 2 0 0 1 3 0.99 1.16 0.85 
1 1 2 2 1 0 0 0 2 2 1 0 0 2 1 1 1 1 2 2 0 0 1 3 0.99 1.17 0.84 
1 1 2 2 1 0 0 0 2 2 1 0 0 2 2 1 1 1 2 2 0 0 1 3 0.99 1.04 0.97 
1 1 2 2 1 0 0 0 2 2 2 0 0 1 1 1 1 1 2 2 0 0 1 3 0.99 1.11 0.89 
1 1 2 2 1 0 0 0 2 2 2 0 0 2 1 1 1 1 2 2 0 0 1 3 0.99 1.01 1.0 
1 1 2 2 1 0 0 0 2 2 2 0 0 2 2 1 1 1 2 2 0 0 1 3 0.99 0.88 1.12 
2 1 2 2 1 0 0 0 2 2 2 0 0 1 1 1 1 1 2 2 0 0 1 3 0.99 0.97 1.04 
2 1 2 2 1 0 0 0 2 2 2 0 0 2 1 1 1 1 2 2 0 0 1 3 0.99 0.87 1.14 
1 2 1 1 2 0 0 0 1 1 1 1 0 2 2 2 2 2 1 1 0 0 2 3 0.84 1.19 0.97 
1 1 2 2 1 0 0 0 2 2 1 1 0 2 2 1 1 1 2 2 0 0 1 3 0.84 1.19 0.97 
2 2 1 1 2 0 0 0 1 1 1 1 0 1 2 2 2 2 1 1 0 0 2 3 0.84 1.15 1.01 
2 2 1 1 2 0 0 0 1 1 1 1 0 2 2 2 2 2 1 1 0 0 2 3 0.84 1.05 1.11 
1 2 1 0 2 0 0 2 1 1 0 0 0 1 1 2 2 2 1 1 0 0 2 3 1.12 0.99 0.88 
1 2 1 0 2 0 0 2 1 1 0 0 0 1 2 2 2 2 1 1 0 0 2 3 1.12 0.87 1.01 
1 1 2 0 1 0 0 1 2 2 0 0 0 2 2 1 1 1 2 2 0 0 1 3 1.12 1.03 0.85 
1 2 1 1 2 0 0 2 1 1 0 0 0 1 1 2 2 2 1 1 0 0 2 3 1.01 1.11 0.88 
1 2 1 1 2 0 0 2 1 1 0 0 0 1 2 2 2 2 1 1 0 0 2 3 1.01 0.98 1.01 
1 2 1 1 2 0 0 2 1 1 0 0 0 2 2 2 2 2 1 1 0 0 2 3 1.01 0.88 1.11 
1 1 2 1 1 0 0 1 2 2 0 0 0 2 2 1 1 1 2 2 0 0 1 3 1.01 1.14 0.85 
2 2 1 1 2 0 0 2 1 1 0 0 0 1 1 2 2 2 1 1 0 0 2 3 1.01 0.97 1.03 
2 2 1 1 2 0 0 2 1 1 0 0 0 1 2 2 2 2 1 1 0 0 2 3 1.01 0.84 1.15 
1 1 2 2 1 0 0 1 2 2 2 0 0 2 2 1 1 1 2 2 0 0 1 3 0.85 1.03 1.12 
1 1 2 2 1 0 0 1 2 2 1 0 0 2 2 1 1 1 2 2 0 0 1 3 0.85 1.18 0.97 
1 1 2 2 1 0 0 1 2 2 2 0 0 2 1 1 1 1 2 2 0 0 1 3 0.85 1.15 1.0 
2 1 2 2 1 0 0 1 2 2 2 0 0 1 1 1 1 1 2 2 0 0 1 3 0.85 1.11 1.04 
2 1 2 2 1 0 0 1 2 2 2 0 0 2 1 1 1 1 2 2 0 0 1 3 0.85 1.01 1.14 
2 2 1 1 2 2 0 0 1 1 1 1 1 2 2 2 0 2 1 1 0 0 0 3 0.83 1.18 0.99 
1 1 2 1 1 1 0 0 2 2 1 0 0 2 2 1 0 1 2 2 0 0 0 3 1.12 1.03 0.85 
1 1 2 2 1 1 0 0 2 2 1 0 0 2 2 1 0 1 2 2 0 0 0 3 1.12 0.92 0.97 
1 1 2 2 1 1 0 0 2 2 1 0 0 2 1 1 0 1 2 2 0 0 0 3 1.12 1.04 0.84 
1 1 2 2 1 1 0 0 2 2 2 0 0 1 1 1 0 1 2 2 0 0 0 3 1.12 0.99 0.89 
1 1 2 2 1 1 0 0 2 2 2 0 0 2 1 1 0 1 2 2 0 0 0 3 1.12 0.89 1.0 
2 1 2 2 1 1 0 0 2 2 2 0 0 1 1 1 0 1 2 2 0 0 0 3 1.12 0.85 1.04 
1 2 1 1 2 2 0 0 1 1 1 1 0 2 2 2 0 2 1 1 0 0 0 3 0.96 1.19 0.85 
1 1 2 1 1 1 0 0 2 2 1 1 0 2 2 1 0 1 2 2 0 0 0 3 0.96 1.19 0.85 
1 1 2 2 1 1 0 0 2 2 1 1 0 2 1 1 0 1 2 2 0 0 0 3 0.96 1.2 0.84 
1 1 2 2 1 1 0 0 2 2 1 1 0 2 2 1 0 1 2 2 0 0 0 3 0.96 1.07 0.97 
2 2 1 1 2 2 0 0 1 1 1 1 0 1 2 2 0 2 1 1 0 0 0 3 0.96 1.15 0.89 
2 2 1 1 2 2 0 0 1 1 1 1 0 2 2 2 0 2 1 1 0 0 0 3 0.96 1.05 0.99 
1 2 1 1 2 2 0 0 1 1 0 0 0 1 2 2 2 2 1 1 0 0 0 3 1.13 0.98 0.89 
1 2 1 1 2 2 0 0 1 1 0 0 0 2 2 2 2 2 1 1 0 0 0 3 1.13 0.88 0.99 
1 1 2 1 1 1 0 0 2 2 0 0 0 2 2 1 1 1 2 2 0 0 0 3 1.13 1.02 0.85 
2 2 1 1 2 2 0 0 1 1 0 0 0 1 1 2 2 2 1 1 0 0 0 3 1.13 0.97 0.91 
2 2 1 1 2 2 0 0 1 1 0 0 0 1 2 2 2 2 1 1 0 0 0 3 1.13 0.84 1.03 
1 1 2 1 1 1 0 0 2 2 1 0 0 2 2 1 1 1 2 2 0 0 0 3 0.97 1.18 0.85 
1 1 2 2 1 1 0 0 2 2 1 0 0 2 1 1 1 1 2 2 0 0 0 3 0.97 1.19 0.84 
1 1 2 2 1 1 0 0 2 2 1 0 0 2 2 1 1 1 2 2 0 0 0 3 0.97 1.06 0.97 
1 1 2 2 1 1 0 0 2 2 2 0 0 1 1 1 1 1 2 2 0 0 0 3 0.97 1.14 0.89 
1 1 2 2 1 1 0 0 2 2 2 0 0 2 1 1 1 1 2 2 0 0 0 3 0.97 1.03 1.0 
1 1 2 2 1 1 0 0 2 2 2 0 0 2 2 1 1 1 2 2 0 0 0 3 0.97 0.91 1.12 
2 1 2 2 1 1 0 0 2 2 2 0 0 1 1 1 1 1 2 2 0 0 0 3 0.97 0.99 1.04 
2 1 2 2 1 1 0 0 2 2 2 0 0 2 1 1 1 1 2 2 0 0 0 3 0.97 0.89 1.14 
1 2 1 1 2 2 0 0 1 1 1 1 0 2 2 2 2 2 1 1 0 0 0 3 0.82 1.19 0.99 
2 2 1 1 2 2 0 0 1 1 1 1 0 1 2 2 2 2 1 1 0 0 0 3 0.82 1.15 1.03 
2 2 1 1 2 2 0 0 1 1 1 1 0 2 2 2 2 2 1 1 0 0 0 3 0.82 1.05 1.14 
1 2 1 0 2 2 0 0 1 1 0 0 0 1 1 2 2 2 1 1 0 0 2 3 1.13 0.99 0.88 
1 2 1 0 2 2 0 0 1 1 0 0 0 1 2 2 2 2 1 1 0 0 2 3 1.13 0.87 1.0 
1 1 2 0 1 1 0 0 2 2 0 0 0 2 2 1 1 1 2 2 0 0 1 3 1.13 1.02 0.85 
1 2 1 1 2 2 0 0 1 1 0 0 0 1 1 2 2 2 1 1 0 0 2 3 1.01 1.11 0.88 
1 2 1 1 2 2 0 0 1 1 0 0 0 1 2 2 2 2 1 1 0 0 2 3 1.01 0.98 1.0 
1 2 1 1 2 2 0 0 1 1 0 0 0 2 2 2 2 2 1 1 0 0 2 3 1.01 0.88 1.11 
1 1 2 1 1 1 0 0 2 2 0 0 0 2 2 1 1 1 2 2 0 0 1 3 1.01 1.14 0.85 
2 2 1 1 2 2 0 0 1 1 0 0 0 1 1 2 2 2 1 1 0 0 2 3 1.01 0.97 1.02 
2 2 1 1 2 2 0 0 1 1 0 0 0 1 2 2 2 2 1 1 0 0 2 3 1.01 0.84 1.15 
1 1 2 2 1 1 0 0 2 2 1 0 0 2 2 1 1 1 2 2 0 0 1 3 0.86 1.18 0.97 
1 1 2 2 1 1 0 0 2 2 2 0 0 2 1 1 1 1 2 2 0 0 1 3 0.86 1.15 1.0 
1 1 2 2 1 1 0 0 2 2 2 0 0 2 2 1 1 1 2 2 0 0 1 3 0.86 1.02 1.12 
2 1 2 2 1 1 0 0 2 2 2 0 0 1 1 1 1 1 2 2 0 0 1 3 0.86 1.11 1.04 
2 1 2 2 1 1 0 0 2 2 2 0 0 2 1 1 1 1 2 2 0 0 1 3 0.86 1.0 1.14 
1 2 1 0 2 2 0 2 1 0 0 0 0 1 1 1 2 2 1 1 0 0 2 3 1.1 0.99 0.91 
1 2 1 0 2 2 0 2 1 0 0 0 0 1 1 1 2 1 1 1 0 0 2 3 1.1 1.1 0.81 
1 2 1 0 2 2 0 2 1 1 0 0 0 1 1 1 2 2 1 1 0 0 2 3 0.99 1.1 0.91 
1 2 1 0 2 2 0 2 1 1 0 0 0 1 1 2 2 2 1 1 0 0 2 3 0.99 0.99 1.02 
1 2 1 0 2 2 0 2 1 1 0 0 0 1 2 2 2 2 1 1 0 0 2 3 0.99 0.87 1.15 
1 1 2 0 1 1 0 1 2 2 0 0 0 2 2 1 1 1 2 2 0 0 1 3 0.99 1.16 0.85 
1 2 1 0 2 2 0 2 1 1 0 0 0 1 1 0 2 2 1 1 0 0 2 3 1.09 0.99 0.91 
1 2 1 0 2 2 0 2 1 1 0 0 0 1 1 0 2 0 1 1 0 0 2 3 1.2 0.99 0.81 
1 2 1 0 2 2 0 2 1 1 0 0 0 1 1 1 2 0 1 1 0 0 2 3 1.09 1.1 0.81 
1 2 1 1 2 2 0 2 1 1 0 0 0 1 1 2 2 2 1 1 0 0 2 3 0.87 1.11 1.02 
1 2 1 1 2 2 0 2 1 1 0 0 0 1 2 2 2 2 1 1 0 0 2 3 0.87 0.98 1.15 
2 2 1 1 2 2 0 2 1 1 0 0 0 1 1 2 2 2 1 1 0 0 2 3 0.87 0.97 1.16 
1 2 1 1 2 2 0 2 1 1 0 0 0 1 1 0 2 2 1 1 0 0 2 3 0.97 1.11 0.91 
1 2 1 1 2 2 0 2 1 1 0 0 0 1 0 0 2 2 1 1 0 0 2 3 1.1 0.98 0.91 
1 2 1 1 2 2 0 2 1 1 0 0 0 1 1 0 2 0 1 1 0 0 2 3 1.08 1.11 0.81 
1 2 1 1 2 2 0 2 1 1 1 0 0 0 0 0 2 2 1 1 0 0 2 3 1.05 1.04 0.91 
1 2 1 1 2 2 0 2 1 1 1 0 0 0 0 0 2 0 1 1 0 0 2 3 1.16 1.04 0.81 
2 1 2 2 1 1 0 1 2 2 2 0 0 2 0 0 1 1 2 2 0 0 1 3 0.94 0.91 1.14 
2 1 2 2 1 1 0 1 2 2 2 0 0 2 0 0 1 0 2 2 0 0 1 3 1.05 0.81 1.14 
1 2 1 1 2 2 0 2 1 1 1 1 0 0 0 0 2 0 1 1 0 0 2 3 1.0 1.19 0.81 
1 2 1 1 2 2 0 2 1 1 1 1 0 0 0 0 2 2 1 1 0 0 2 3 0.89 1.19 0.91 
1 0 2 1 0 0 1 0 2 2 1 1 1 2 2 2 1 1 2 2 0 0 1 3 0.85 1.19 0.95 
1 0 2 2 0 0 1 0 2 2 1 1 1 2 2 1 1 1 2 2 0 0 1 3 0.85 1.18 0.97 
1 0 2 2 0 0 1 0 2 2 1 1 1 2 2 2 1 1 2 2 0 0 1 3 0.85 1.08 1.07 
1 0 2 2 0 0 1 0 2 2 2 1 1 2 1 1 1 1 2 2 0 0 1 3 0.85 1.15 1.0 
1 0 2 2 0 0 1 0 2 2 2 1 1 2 2 1 1 1 2 2 0 0 1 3 0.85 1.02 1.12 
2 0 2 1 0 0 1 0 2 1 1 1 1 2 2 2 1 1 2 2 0 0 1 3 0.85 1.16 0.99 
2 0 2 1 0 0 1 0 2 2 1 1 1 2 2 1 1 1 2 2 0 0 1 3 0.85 1.15 0.99 
2 0 2 1 0 0 1 0 2 2 1 1 1 2 2 2 1 1 2 2 0 0 1 3 0.85 1.05 1.1 
2 0 2 2 0 0 1 0 2 2 1 1 1 2 1 1 1 1 2 2 0 0 1 3 0.85 1.16 0.98 
2 0 2 2 0 0 1 0 2 2 1 1 1 2 2 1 1 1 2 2 0 0 1 3 0.85 1.04 1.11 
2 0 2 2 0 0 1 0 2 2 2 1 1 1 1 1 1 1 2 2 0 0 1 3 0.85 1.11 1.04 
2 0 2 2 0 0 1 0 2 2 2 1 1 2 1 1 1 1 2 2 0 0 1 3 0.85 1.01 1.14 
2 0 1 1 0 0 2 0 1 1 1 1 1 2 2 2 2 2 1 1 0 0 2 3 0.85 1.18 0.97 
1 0 2 1 0 0 1 0 2 1 1 1 1 2 2 2 0 2 2 2 0 0 0 3 1.11 0.93 0.95 
1 0 2 1 0 0 1 0 2 1 1 1 1 2 2 2 0 1 2 2 0 0 0 3 1.11 1.04 0.85 
1 0 2 1 0 0 1 0 2 2 1 1 1 2 2 2 0 2 2 2 0 0 0 3 1.11 0.83 1.06 
1 0 2 1 0 0 1 0 2 2 1 1 1 2 2 1 0 1 2 2 0 0 0 3 1.11 1.04 0.85 
1 0 2 1 0 0 1 0 2 2 1 1 1 2 2 2 0 1 2 2 0 0 0 3 1.11 0.93 0.95 
1 0 2 2 0 0 1 0 2 2 1 1 1 2 1 1 0 1 2 2 0 0 0 3 1.11 1.05 0.84 
1 0 2 2 0 0 1 0 2 2 1 1 1 2 2 1 0 1 2 2 0 0 0 3 1.11 0.92 0.97 
1 0 2 2 0 0 1 0 2 2 1 1 1 2 2 2 0 1 2 2 0 0 0 3 1.11 0.82 1.07 
1 0 2 2 0 0 1 0 2 2 2 1 1 1 1 1 0 1 2 2 0 0 0 3 1.11 1.0 0.89 
1 0 2 2 0 0 1 0 2 2 2 1 1 2 1 1 0 1 2 2 0 0 0 3 1.11 0.89 1.0 
2 0 2 1 0 0 1 0 2 1 1 1 1 2 2 2 0 1 2 2 0 0 0 3 1.11 0.9 0.99 
2 0 2 1 0 0 1 0 2 2 1 1 1 2 1 1 0 1 2 2 0 0 0 3 1.11 1.02 0.87 
2 0 2 1 0 0 1 0 2 2 1 1 1 2 2 1 0 1 2 2 0 0 0 3 1.11 0.89 0.99 
2 0 2 2 0 0 1 0 2 2 1 1 1 1 1 1 0 1 2 2 0 0 0 3 1.11 1.01 0.88 
2 0 2 2 0 0 1 0 2 2 1 1 1 2 1 1 0 1 2 2 0 0 0 3 1.11 0.9 0.98 
2 0 2 2 0 0 1 0 2 2 2 1 1 1 1 1 0 1 2 2 0 0 0 3 1.11 0.85 1.04 
1 0 2 1 0 0 2 0 2 1 1 1 1 2 2 2 0 2 2 2 0 0 0 3 1.11 0.81 1.07 
1 0 2 1 0 0 1 0 2 1 1 1 1 2 2 2 2 2 2 2 0 0 0 3 0.97 0.93 1.1 
1 0 2 1 0 0 1 0 2 1 1 1 1 2 2 2 1 1 2 2 0 0 0 3 0.97 1.19 0.85 
1 0 2 1 0 0 1 0 2 2 1 1 1 2 2 1 1 1 2 2 0 0 0 3 0.97 1.18 0.85 
1 0 2 1 0 0 1 0 2 2 1 1 1 2 2 2 1 1 2 2 0 0 0 3 0.97 1.08 0.95 
1 0 2 2 0 0 1 0 2 2 1 1 1 2 1 1 1 1 2 2 0 0 0 3 0.97 1.19 0.84 
1 0 2 2 0 0 1 0 2 2 1 1 1 2 2 1 1 1 2 2 0 0 0 3 0.97 1.07 0.97 
1 0 2 2 0 0 1 0 2 2 1 1 1 2 2 2 1 1 2 2 0 0 0 3 0.97 0.96 1.07 
1 0 2 2 0 0 1 0 2 2 2 1 1 1 1 1 1 1 2 2 0 0 0 3 0.97 1.14 0.89 
1 0 2 2 0 0 1 0 2 2 2 1 1 2 1 1 1 1 2 2 0 0 0 3 0.97 1.04 1.0 
1 0 2 2 0 0 1 0 2 2 2 1 1 2 2 1 1 1 2 2 0 0 0 3 0.97 0.91 1.12 
2 0 2 1 0 0 1 0 2 1 1 1 1 2 2 2 1 1 2 2 0 0 0 3 0.97 1.04 0.99 
2 0 2 1 0 0 1 0 2 2 1 1 1 2 1 1 1 1 2 2 0 0 0 3 0.97 1.17 0.87 
2 0 2 1 0 0 1 0 2 2 1 1 1 2 2 1 1 1 2 2 0 0 0 3 0.97 1.04 0.99 
2 0 2 1 0 0 1 0 2 2 1 1 1 2 2 2 1 1 2 2 0 0 0 3 0.97 0.94 1.1 
2 0 2 2 0 0 1 0 2 2 1 1 1 1 1 1 1 1 2 2 0 0 0 3 0.97 1.16 0.88 
2 0 2 2 0 0 1 0 2 2 1 1 1 2 1 1 1 1 2 2 0 0 0 3 0.97 1.05 0.98 
2 0 2 2 0 0 1 0 2 2 1 1 1 2 2 1 1 1 2 2 0 0 0 3 0.97 0.92 1.11 
2 0 2 2 0 0 1 0 2 2 2 1 1 1 1 1 1 1 2 2 0 0 0 3 0.97 1.0 1.04 
2 0 2 2 0 0 1 0 2 2 2 1 1 2 1 1 1 1 2 2 0 0 0 3 0.97 0.89 1.14 
2 0 1 1 0 0 2 0 1 1 1 1 1 2 2 2 2 2 1 1 0 0 0 3 0.97 1.18 0.86 
1 0 2 1 0 0 1 0 2 1 1 1 0 2 2 2 1 1 2 2 0 0 0 3 1.1 1.06 0.85 
1 0 2 1 0 0 1 0 2 2 1 1 0 2 2 2 1 1 2 2 0 0 0 3 1.1 0.95 0.95 
1 0 2 1 0 0 1 0 2 2 1 1 0 2 2 1 1 1 2 2 0 0 0 3 1.1 1.05 0.85 
1 0 2 2 0 0 1 0 2 2 1 1 0 2 2 2 1 1 2 2 0 0 0 3 1.1 0.83 1.07 
1 0 2 2 0 0 1 0 2 2 1 1 0 2 2 1 1 1 2 2 0 0 0 3 1.1 0.93 0.97 
1 0 2 2 0 0 1 0 2 2 1 1 0 2 1 1 1 1 2 2 0 0 0 3 1.1 1.06 0.84 
1 0 2 2 0 0 1 0 2 2 2 2 0 1 1 1 1 1 2 2 0 0 0 3 1.1 0.86 1.05 
1 0 2 2 0 0 1 0 2 2 2 1 0 1 1 1 1 1 2 2 0 0 0 3 1.1 1.01 0.89 
1 0 2 2 0 0 1 0 2 2 2 1 0 2 1 1 1 1 2 2 0 0 0 3 1.1 0.9 1.0 
2 0 2 1 0 0 1 0 2 1 1 1 0 2 2 2 1 1 2 2 0 0 0 3 1.1 0.91 0.99 
2 0 2 1 0 0 1 0 2 2 1 1 0 2 2 2 1 1 2 2 0 0 0 3 1.1 0.8 1.1 
2 0 2 1 0 0 1 0 2 2 1 1 0 2 2 1 1 1 2 2 0 0 0 3 1.1 0.91 0.99 
2 0 2 1 0 0 1 0 2 2 1 1 0 2 1 1 1 1 2 2 0 0 0 3 1.1 1.04 0.87 
2 0 2 2 0 0 1 0 2 2 1 1 0 1 1 1 1 1 2 2 0 0 0 3 1.1 1.02 0.88 
2 0 2 2 0 0 1 0 2 2 1 1 0 2 1 1 1 1 2 2 0 0 0 3 1.1 0.92 0.98 
2 0 2 2 0 0 1 0 2 2 2 1 0 1 1 1 1 1 2 2 0 0 0 3 1.1 0.87 1.04 
2 0 1 2 0 0 2 0 1 2 2 2 0 1 1 1 1 1 1 1 0 0 0 3 1.1 1.1 0.8 
1 0 2 1 0 0 1 0 2 1 1 0 0 2 2 2 1 1 2 2 0 0 1 3 1.14 1.01 0.85 
1 0 2 1 0 0 1 0 2 2 1 0 0 2 2 2 1 1 2 2 0 0 1 3 1.14 0.91 0.95 
1 0 2 1 0 0 1 0 2 2 1 0 0 2 2 1 1 1 2 2 0 0 1 3 1.14 1.01 0.85 
1 0 2 2 0 0 1 0 2 2 1 0 0 2 2 1 1 1 2 2 0 0 1 3 1.14 0.89 0.97 
1 0 2 2 0 0 1 0 2 2 1 0 0 2 1 1 1 1 2 2 0 0 1 3 1.14 1.02 0.84 
1 0 2 2 0 0 1 0 2 2 2 0 0 1 1 1 1 1 2 2 0 0 1 3 1.14 0.97 0.89 
1 0 2 2 0 0 1 0 2 2 2 0 0 2 1 1 1 1 2 2 0 0 1 3 1.14 0.86 1.0 
2 0 2 1 0 0 1 0 2 1 1 0 0 2 2 2 1 1 2 2 0 0 1 3 1.14 0.87 0.99 
2 0 2 1 0 0 1 0 2 2 1 0 0 2 2 1 1 1 2 2 0 0 1 3 1.14 0.87 0.99 
2 0 2 1 0 0 1 0 2 2 1 0 0 2 1 1 1 1 2 2 0 0 1 3 1.14 0.99 0.87 
2 0 2 2 0 0 1 0 2 2 1 0 0 1 1 1 1 1 2 2 0 0 1 3 1.14 0.98 0.88 
2 0 2 2 0 0 1 0 2 2 1 0 0 2 1 1 1 1 2 2 0 0 1 3 1.14 0.88 0.98 
2 0 2 2 0 0 1 0 2 2 2 0 0 1 1 1 1 1 2 2 0 0 1 3 1.14 0.82 1.04 
1 0 2 2 0 0 2 0 2 2 2 0 0 1 1 1 1 1 2 2 0 0 1 3 1.14 0.85 1.01 
1 0 2 1 0 0 1 0 2 1 1 1 0 2 2 2 1 1 2 2 0 0 1 3 0.98 1.17 0.85 
1 0 2 1 0 0 1 0 2 2 1 1 0 2 2 2 1 1 2 2 0 0 1 3 0.98 1.06 0.95 
1 0 2 1 0 0 1 0 2 2 1 1 0 2 2 1 1 1 2 2 0 0 1 3 0.98 1.17 0.85 
1 0 2 2 0 0 1 0 2 2 1 1 0 2 2 2 1 1 2 2 0 0 1 3 0.98 0.94 1.07 
1 0 2 2 0 0 1 0 2 2 1 1 0 2 2 1 1 1 2 2 0 0 1 3 0.98 1.05 0.97 
1 0 2 2 0 0 1 0 2 2 1 1 0 2 1 1 1 1 2 2 0 0 1 3 0.98 1.17 0.84 
1 0 2 2 0 0 1 0 2 2 2 2 0 1 1 1 1 1 2 2 0 0 1 3 0.98 0.97 1.05 
1 0 2 2 0 0 1 0 2 2 2 1 0 1 1 1 1 1 2 2 0 0 1 3 0.98 1.12 0.89 
1 0 2 2 0 0 1 0 2 2 2 2 0 2 1 1 1 1 2 2 0 0 1 3 0.98 0.86 1.15 
1 0 2 2 0 0 1 0 2 2 2 1 0 2 1 1 1 1 2 2 0 0 1 3 0.98 1.02 1.0 
1 0 2 2 0 0 1 0 2 2 2 1 0 2 2 1 1 1 2 2 0 0 1 3 0.98 0.89 1.12 
2 0 2 1 0 0 1 0 2 1 1 1 0 2 2 2 1 1 2 2 0 0 1 3 0.98 1.03 0.99 
2 0 2 1 0 0 1 0 2 2 1 1 0 2 2 2 1 1 2 2 0 0 1 3 0.98 0.92 1.1 
2 0 2 1 0 0 1 0 2 2 1 1 0 2 2 1 1 1 2 2 0 0 1 3 0.98 1.02 0.99 
2 0 2 1 0 0 1 0 2 2 1 1 0 2 1 1 1 1 2 2 0 0 1 3 0.98 1.15 0.87 
2 0 2 2 0 0 1 0 2 2 1 1 0 2 2 1 1 1 2 2 0 0 1 3 0.98 0.9 1.11 
2 0 2 2 0 0 1 0 2 2 1 1 0 1 1 1 1 1 2 2 0 0 1 3 0.98 1.14 0.88 
2 0 2 2 0 0 1 0 2 2 1 1 0 2 1 1 1 1 2 2 0 0 1 3 0.98 1.03 0.98 
2 0 2 2 0 0 1 0 2 2 2 1 0 1 1 1 1 1 2 2 0 0 1 3 0.98 0.98 1.04 
2 0 2 2 0 0 1 0 2 2 2 1 0 2 1 1 1 1 2 2 0 0 1 3 0.98 0.87 1.14 
2 0 2 2 0 0 1 0 2 2 2 2 0 1 1 1 1 1 2 2 0 0 1 3 0.98 0.82 1.19 
1 0 2 2 0 0 2 0 2 2 2 2 0 1 1 1 1 1 2 2 0 0 1 3 0.98 0.85 1.17 
1 0 2 1 0 1 1 0 2 2 1 1 1 2 2 0 0 0 2 2 0 0 0 3 1.19 0.96 0.85 
1 0 2 2 0 1 1 0 2 2 1 1 1 2 2 0 0 0 2 2 0 0 0 3 1.19 0.85 0.97 
2 0 2 1 0 1 1 0 2 2 1 1 1 2 2 0 0 0 2 2 0 0 0 3 1.19 0.82 0.99 
1 0 2 1 0 1 1 0 2 1 1 1 1 2 2 2 0 0 2 2 0 0 0 3 1.08 1.07 0.85 
1 0 2 1 0 1 1 0 2 2 1 1 1 2 2 2 0 0 2 2 0 0 0 3 1.08 0.96 0.95 
1 0 2 1 0 1 1 0 2 2 1 1 1 2 2 1 0 0 2 2 0 0 0 3 1.08 1.07 0.85 
1 0 2 2 0 1 1 0 2 2 1 1 1 2 2 2 0 0 2 2 0 0 0 3 1.08 0.85 1.07 
1 0 2 2 0 1 1 0 2 2 1 1 1 2 2 1 0 0 2 2 0 0 0 3 1.08 0.95 0.97 
1 0 2 2 0 1 1 0 2 2 1 1 1 2 1 1 0 0 2 2 0 0 0 3 1.08 1.08 0.84 
1 0 2 2 0 1 1 0 2 2 2 1 1 1 1 1 0 0 2 2 0 0 0 3 1.08 1.03 0.89 
1 0 2 2 0 1 1 0 2 2 2 1 1 2 1 1 0 0 2 2 0 0 0 3 1.08 0.92 1.0 
2 0 2 1 0 1 1 0 2 1 1 1 1 2 2 2 0 0 2 2 0 0 0 3 1.08 0.93 0.99 
2 0 2 1 0 1 1 0 2 2 1 1 1 2 2 2 0 0 2 2 0 0 0 3 1.08 0.82 1.1 
2 0 2 1 0 1 1 0 2 2 1 1 1 2 2 1 0 0 2 2 0 0 0 3 1.08 0.92 0.99 
2 0 2 1 0 1 1 0 2 2 1 1 1 2 1 1 0 0 2 2 0 0 0 3 1.08 1.05 0.87 
2 0 2 2 0 1 1 0 2 2 1 1 1 2 2 1 0 0 2 2 0 0 0 3 1.08 0.81 1.11 
2 0 2 2 0 1 1 0 2 2 1 1 1 1 1 1 0 0 2 2 0 0 0 3 1.08 1.04 0.88 
2 0 2 2 0 1 1 0 2 2 1 1 1 2 1 1 0 0 2 2 0 0 0 3 1.08 0.93 0.98 
2 0 2 2 0 1 1 0 2 2 2 1 1 1 1 1 0 0 2 2 0 0 0 3 1.08 0.88 1.04 
2 0 1 2 0 1 1 0 1 2 2 2 2 1 1 1 0 0 1 1 0 0 0 3 1.08 1.1 0.81 
1 0 2 1 0 1 1 0 2 1 1 1 1 2 2 2 0 2 2 2 0 0 0 3 0.98 1.07 0.95 
1 0 2 1 0 1 1 0 2 1 1 1 1 2 2 2 0 1 2 2 0 0 0 3 0.98 1.18 0.85 
1 0 2 1 0 1 1 0 2 2 1 1 1 2 2 2 0 2 2 2 0 0 0 3 0.98 0.96 1.06 
1 0 2 1 0 1 1 0 2 2 1 1 1 2 2 1 0 1 2 2 0 0 0 3 0.98 1.17 0.85 
1 0 2 1 0 1 1 0 2 2 1 1 1 2 2 2 0 1 2 2 0 0 0 3 0.98 1.07 0.95 
1 0 2 2 0 1 1 0 2 2 1 1 1 2 2 2 0 2 2 2 0 0 0 3 0.98 0.85 1.18 
1 0 2 2 0 1 1 0 2 2 1 1 1 2 1 1 0 1 2 2 0 0 0 3 0.98 1.18 0.84 
1 0 2 2 0 1 1 0 2 2 1 1 1 2 2 1 0 1 2 2 0 0 0 3 0.98 1.06 0.97 
1 0 2 2 0 1 1 0 2 2 1 1 1 2 2 2 0 1 2 2 0 0 0 3 0.98 0.95 1.07 
1 0 2 2 0 1 1 0 2 2 2 2 2 1 1 1 0 1 2 2 0 0 0 3 0.98 0.84 1.18 
1 0 2 2 0 1 1 0 2 2 2 1 1 1 1 1 0 1 2 2 0 0 0 3 0.98 1.13 0.89 
1 0 2 2 0 1 1 0 2 2 2 1 1 2 1 1 0 1 2 2 0 0 0 3 0.98 1.03 1.0 
1 0 2 2 0 1 1 0 2 2 2 1 1 2 2 1 0 1 2 2 0 0 0 3 0.98 0.9 1.12 
2 0 2 1 0 1 1 0 2 1 1 1 1 2 2 2 0 2 2 2 0 0 0 3 0.98 0.93 1.1 
2 0 2 1 0 1 1 0 2 1 1 1 1 2 2 2 0 1 2 2 0 0 0 3 0.98 1.03 0.99 
2 0 2 1 0 1 1 0 2 2 1 1 1 2 1 1 0 1 2 2 0 0 0 3 0.98 1.16 0.87 
2 0 2 1 0 1 1 0 2 2 1 1 1 2 2 1 0 1 2 2 0 0 0 3 0.98 1.03 0.99 
2 0 2 1 0 1 1 0 2 2 1 1 1 2 2 2 0 1 2 2 0 0 0 3 0.98 0.93 1.1 
2 0 2 2 0 1 1 0 2 2 1 1 1 1 1 1 0 1 2 2 0 0 0 3 0.98 1.15 0.88 
2 0 2 2 0 1 1 0 2 2 1 1 1 2 1 1 0 1 2 2 0 0 0 3 0.98 1.04 0.98 
2 0 2 2 0 1 1 0 2 2 1 1 1 2 2 1 0 1 2 2 0 0 0 3 0.98 0.91 1.11 
2 0 2 2 0 1 1 0 2 2 2 1 1 1 1 1 0 1 2 2 0 0 0 3 0.98 0.99 1.04 
2 0 2 2 0 1 1 0 2 2 2 1 1 2 1 1 0 1 2 2 0 0 0 3 0.98 0.88 1.14 
1 0 2 1 0 1 1 0 2 1 1 1 0 2 2 2 0 2 2 2 0 0 0 3 1.11 0.94 0.95 
1 0 2 1 0 1 1 0 2 1 1 1 0 2 2 2 0 1 2 2 0 0 0 3 1.11 1.05 0.85 
1 0 2 1 0 1 1 0 2 2 1 1 0 2 2 2 0 2 2 2 0 0 0 3 1.11 0.83 1.06 
1 0 2 1 0 1 1 0 2 2 1 1 0 2 2 1 0 1 2 2 0 0 0 3 1.11 1.04 0.85 
1 0 2 1 0 1 1 0 2 2 1 1 0 2 2 2 0 1 2 2 0 0 0 3 1.11 0.94 0.95 
1 0 2 2 0 1 1 0 2 2 1 1 0 2 1 1 0 1 2 2 0 0 0 3 1.11 1.05 0.84 
1 0 2 2 0 1 1 0 2 2 1 1 0 2 2 1 0 1 2 2 0 0 0 3 1.11 0.92 0.97 
1 0 2 2 0 1 1 0 2 2 1 1 0 2 2 2 0 1 2 2 0 0 0 3 1.11 0.82 1.07 
1 0 2 2 0 1 1 0 2 2 2 2 0 1 1 1 0 1 2 2 0 0 0 3 1.11 0.84 1.05 
1 0 2 2 0 1 1 0 2 2 2 1 0 1 1 1 0 1 2 2 0 0 0 3 1.11 1.0 0.89 
1 0 2 2 0 1 1 0 2 2 2 1 0 2 1 1 0 1 2 2 0 0 0 3 1.11 0.89 1.0 
2 0 2 1 0 1 1 0 2 1 1 1 0 2 2 2 0 1 2 2 0 0 0 3 1.11 0.9 0.99 
2 0 2 1 0 1 1 0 2 2 1 1 0 2 1 1 0 1 2 2 0 0 0 3 1.11 1.02 0.87 
2 0 2 1 0 1 1 0 2 2 1 1 0 2 2 1 0 1 2 2 0 0 0 3 1.11 0.9 0.99 
2 0 2 2 0 1 1 0 2 2 1 1 0 1 1 1 0 1 2 2 0 0 0 3 1.11 1.01 0.88 
2 0 2 2 0 1 1 0 2 2 1 1 0 2 1 1 0 1 2 2 0 0 0 3 1.11 0.91 0.98 
2 0 2 2 0 1 1 0 2 2 2 1 0 1 1 1 0 1 2 2 0 0 0 3 1.11 0.86 1.04 
1 0 2 1 0 1 1 0 2 1 1 1 1 2 2 2 2 2 2 2 0 0 0 3 0.83 1.07 1.1 
1 0 2 2 0 1 1 0 2 2 1 1 1 2 2 2 1 1 2 2 0 0 0 3 0.83 1.1 1.07 
1 0 2 2 0 1 1 0 2 2 2 2 2 1 1 1 1 1 2 2 0 0 0 3 0.83 0.99 1.18 
1 0 2 2 0 1 1 0 2 2 2 1 1 2 1 1 1 1 2 2 0 0 0 3 0.83 1.17 1.0 
1 0 2 2 0 1 1 0 2 2 2 1 1 2 2 1 1 1 2 2 0 0 0 3 0.83 1.05 1.12 
2 0 2 1 0 1 1 0 2 1 1 1 1 2 2 2 1 1 2 2 0 0 0 3 0.83 1.18 0.99 
2 0 2 1 0 1 1 0 2 2 1 1 1 2 2 1 1 1 2 2 0 0 0 3 0.83 1.18 0.99 
2 0 2 1 0 1 1 0 2 2 1 1 1 2 2 2 1 1 2 2 0 0 0 3 0.83 1.07 1.1 
2 0 2 2 0 1 1 0 2 2 1 1 1 2 1 1 1 1 2 2 0 0 0 3 0.83 1.19 0.98 
2 0 2 2 0 1 1 0 2 2 1 1 1 2 2 1 1 1 2 2 0 0 0 3 0.83 1.06 1.11 
2 0 2 2 0 1 1 0 2 2 2 1 1 1 1 1 1 1 2 2 0 0 0 3 0.83 1.14 1.04 
2 0 2 2 0 1 1 0 2 2 2 1 1 2 1 1 1 1 2 2 0 0 0 3 0.83 1.03 1.14 
1 0 2 1 0 1 1 0 2 1 1 0 0 2 2 2 1 1 2 2 0 0 0 3 1.12 1.04 0.85 
1 0 2 1 0 1 1 0 2 2 1 0 0 2 2 1 1 1 2 2 0 0 0 3 1.12 1.03 0.85 
1 0 2 1 0 1 1 0 2 2 1 0 0 2 2 2 1 1 2 2 0 0 0 3 1.12 0.93 0.95 
1 0 2 2 0 1 1 0 2 2 1 0 0 2 1 1 1 1 2 2 0 0 0 3 1.12 1.04 0.84 
1 0 2 2 0 1 1 0 2 2 1 0 0 2 2 1 1 1 2 2 0 0 0 3 1.12 0.92 0.97 
1 0 2 2 0 1 1 0 2 2 1 0 0 2 2 2 1 1 2 2 0 0 0 3 1.12 0.81 1.07 
1 0 2 2 0 1 1 0 2 2 2 0 0 1 1 1 1 1 2 2 0 0 0 3 1.12 0.99 0.89 
1 0 2 2 0 1 1 0 2 2 2 0 0 2 1 1 1 1 2 2 0 0 0 3 1.12 0.89 1.0 
2 0 2 1 0 1 1 0 2 1 1 0 0 2 2 2 1 1 2 2 0 0 0 3 1.12 0.89 0.99 
2 0 2 1 0 1 1 0 2 2 1 0 0 2 1 1 1 1 2 2 0 0 0 3 1.12 1.02 0.87 
2 0 2 1 0 1 1 0 2 2 1 0 0 2 2 1 1 1 2 2 0 0 0 3 1.12 0.89 0.99 
2 0 2 2 0 1 1 0 2 2 1 0 0 1 1 1 1 1 2 2 0 0 0 3 1.12 1.0 0.88 
2 0 2 2 0 1 1 0 2 2 1 0 0 2 1 1 1 1 2 2 0 0 0 3 1.12 0.9 0.98 
2 0 2 2 0 1 1 0 2 2 2 0 0 1 1 1 1 1 2 2 0 0 0 3 1.12 0.85 1.04 
1 0 2 1 0 1 1 0 2 1 1 1 0 2 2 2 2 2 2 2 0 0 0 3 0.96 0.94 1.1 
1 0 2 1 0 1 1 0 2 1 1 1 0 2 2 2 1 1 2 2 0 0 0 3 0.96 1.19 0.85 
1 0 2 1 0 1 1 0 2 2 1 1 0 2 2 1 1 1 2 2 0 0 0 3 0.96 1.19 0.85 
1 0 2 1 0 1 1 0 2 2 1 1 0 2 2 2 1 1 2 2 0 0 0 3 0.96 1.08 0.95 
1 0 2 2 0 1 1 0 2 2 1 1 0 2 1 1 1 1 2 2 0 0 0 3 0.96 1.2 0.84 
1 0 2 2 0 1 1 0 2 2 1 1 0 2 2 1 1 1 2 2 0 0 0 3 0.96 1.07 0.97 
1 0 2 2 0 1 1 0 2 2 1 1 0 2 2 2 1 1 2 2 0 0 0 3 0.96 0.97 1.07 
1 0 2 2 0 1 1 0 2 2 2 2 0 1 1 1 1 1 2 2 0 0 0 3 0.96 0.99 1.05 
1 0 2 2 0 1 1 0 2 2 2 1 0 1 1 1 1 1 2 2 0 0 0 3 0.96 1.15 0.89 
1 0 2 2 0 1 1 0 2 2 2 2 0 2 1 1 1 1 2 2 0 0 0 3 0.96 0.89 1.15 
1 0 2 2 0 1 1 0 2 2 2 1 0 2 1 1 1 1 2 2 0 0 0 3 0.96 1.04 1.0 
1 0 2 2 0 1 1 0 2 2 2 1 0 2 2 1 1 1 2 2 0 0 0 3 0.96 0.91 1.12 
2 0 2 1 0 1 1 0 2 1 1 1 0 2 2 2 1 1 2 2 0 0 0 3 0.96 1.05 0.99 
2 0 2 1 0 1 1 0 2 2 1 1 0 2 1 1 1 1 2 2 0 0 0 3 0.96 1.17 0.87 
2 0 2 1 0 1 1 0 2 2 1 1 0 2 2 1 1 1 2 2 0 0 0 3 0.96 1.04 0.99 
2 0 2 1 0 1 1 0 2 2 1 1 0 2 2 2 1 1 2 2 0 0 0 3 0.96 0.94 1.1 
2 0 2 2 0 1 1 0 2 2 1 1 0 1 1 1 1 1 2 2 0 0 0 3 0.96 1.16 0.88 
2 0 2 2 0 1 1 0 2 2 1 1 0 2 1 1 1 1 2 2 0 0 0 3 0.96 1.05 0.98 
2 0 2 2 0 1 1 0 2 2 1 1 0 2 2 1 1 1 2 2 0 0 0 3 0.96 0.93 1.11 
2 0 2 2 0 1 1 0 2 2 2 1 0 1 1 1 1 1 2 2 0 0 0 3 0.96 1.0 1.04 
2 0 2 2 0 1 1 0 2 2 2 1 0 2 1 1 1 1 2 2 0 0 0 3 0.96 0.9 1.14 
2 0 2 2 0 1 1 0 2 2 2 2 0 1 1 1 1 1 2 2 0 0 0 3 0.96 0.85 1.19 
1 0 2 1 0 1 1 0 2 1 0 0 0 2 2 2 1 1 2 2 0 0 1 3 1.16 0.99 0.85 
1 0 2 1 0 1 1 0 2 2 0 0 0 2 2 1 1 1 2 2 0 0 1 3 1.16 0.99 0.85 
1 0 2 1 0 1 1 0 2 2 0 0 0 2 2 2 1 1 2 2 0 0 1 3 1.16 0.89 0.95 
1 0 2 2 0 1 1 0 2 2 0 0 0 2 1 1 1 1 2 2 0 0 1 3 1.16 1.0 0.84 
1 0 2 2 0 1 1 0 2 2 0 0 0 2 2 1 1 1 2 2 0 0 1 3 1.16 0.87 0.97 
2 0 2 2 0 1 1 0 2 2 0 0 0 1 1 1 1 1 2 2 0 0 1 3 1.16 0.96 0.88 
2 0 2 2 0 1 1 0 2 2 0 0 0 2 1 1 1 1 2 2 0 0 1 3 1.16 0.86 0.98 
1 0 2 1 0 1 1 0 2 1 1 0 0 2 2 2 1 1 2 2 0 0 1 3 1.0 1.15 0.85 
1 0 2 1 0 1 1 0 2 2 1 0 0 2 2 1 1 1 2 2 0 0 1 3 1.0 1.15 0.85 
1 0 2 1 0 1 1 0 2 2 1 0 0 2 2 2 1 1 2 2 0 0 1 3 1.0 1.04 0.95 
1 0 2 2 0 1 1 0 2 2 1 0 0 2 1 1 1 1 2 2 0 0 1 3 1.0 1.16 0.84 
1 0 2 2 0 1 1 0 2 2 1 0 0 2 2 1 1 1 2 2 0 0 1 3 1.0 1.03 0.97 
1 0 2 2 0 1 1 0 2 2 1 0 0 2 2 2 1 1 2 2 0 0 1 3 1.0 0.93 1.07 
1 0 2 2 0 1 1 0 2 2 2 0 0 1 1 1 1 1 2 2 0 0 1 3 1.0 1.1 0.89 
1 0 2 2 0 1 1 0 2 2 2 0 0 2 1 1 1 1 2 2 0 0 1 3 1.0 1.0 1.0 
1 0 2 2 0 1 1 0 2 2 2 0 0 2 2 1 1 1 2 2 0 0 1 3 1.0 0.87 1.12 
2 0 1 1 0 1 1 0 1 1 1 0 0 2 2 2 2 2 1 1 0 0 2 3 1.0 1.15 0.85 
2 0 2 1 0 1 1 0 2 1 1 0 0 2 2 2 1 1 2 2 0 0 1 3 1.0 1.01 0.99 
2 0 2 1 0 1 1 0 2 2 1 0 0 2 1 1 1 1 2 2 0 0 1 3 1.0 1.13 0.87 
2 0 2 1 0 1 1 0 2 2 1 0 0 2 2 1 1 1 2 2 0 0 1 3 1.0 1.0 0.99 
2 0 2 1 0 1 1 0 2 2 1 0 0 2 2 2 1 1 2 2 0 0 1 3 1.0 0.9 1.1 
2 0 2 2 0 1 1 0 2 2 1 0 0 1 1 1 1 1 2 2 0 0 1 3 1.0 1.12 0.88 
2 0 2 2 0 1 1 0 2 2 1 0 0 2 1 1 1 1 2 2 0 0 1 3 1.0 1.01 0.98 
2 0 2 2 0 1 1 0 2 2 1 0 0 2 2 1 1 1 2 2 0 0 1 3 1.0 0.89 1.11 
2 0 2 2 0 1 1 0 2 2 2 0 0 1 1 1 1 1 2 2 0 0 1 3 1.0 0.96 1.04 
2 0 2 2 0 1 1 0 2 2 2 0 0 2 1 1 1 1 2 2 0 0 1 3 1.0 0.86 1.14 
1 0 2 1 0 1 1 0 2 2 1 1 0 2 2 2 1 1 2 2 0 0 1 3 0.85 1.2 0.95 
1 0 2 2 0 1 1 0 2 2 1 1 0 2 2 1 1 1 2 2 0 0 1 3 0.85 1.18 0.97 
1 0 2 2 0 1 1 0 2 2 1 1 0 2 2 2 1 1 2 2 0 0 1 3 0.85 1.08 1.07 
1 0 2 2 0 1 1 0 2 2 2 2 0 1 1 1 1 1 2 2 0 0 1 3 0.85 1.1 1.05 
1 0 2 2 0 1 1 0 2 2 2 2 0 2 1 1 1 1 2 2 0 0 1 3 0.85 1.0 1.15 
1 0 2 2 0 1 1 0 2 2 2 1 0 2 1 1 1 1 2 2 0 0 1 3 0.85 1.15 1.0 
1 0 2 2 0 1 1 0 2 2 2 1 0 2 2 1 1 1 2 2 0 0 1 3 0.85 1.03 1.12 
2 0 2 1 0 1 1 0 2 1 1 1 0 2 2 2 1 1 2 2 0 0 1 3 0.85 1.16 0.99 
2 0 2 1 0 1 1 0 2 2 1 1 0 2 2 1 1 1 2 2 0 0 1 3 0.85 1.16 0.99 
2 0 2 1 0 1 1 0 2 2 1 1 0 2 2 2 1 1 2 2 0 0 1 3 0.85 1.05 1.1 
2 0 2 2 0 1 1 0 2 2 1 1 0 2 1 1 1 1 2 2 0 0 1 3 0.85 1.17 0.98 
2 0 2 2 0 1 1 0 2 2 1 1 0 2 2 1 1 1 2 2 0 0 1 3 0.85 1.04 1.11 
2 0 2 2 0 1 1 0 2 2 2 1 0 1 1 1 1 1 2 2 0 0 1 3 0.85 1.12 1.04 
2 0 2 2 0 1 1 0 2 2 2 1 0 2 1 1 1 1 2 2 0 0 1 3 0.85 1.01 1.14 
2 0 2 2 0 1 1 0 2 2 2 2 0 1 1 1 1 1 2 2 0 0 1 3 0.85 0.96 1.19 
1 0 2 1 1 0 1 0 2 2 1 1 1 2 2 0 0 0 2 2 0 0 0 3 1.17 0.98 0.85 
1 0 2 2 1 0 1 0 2 2 1 1 1 2 2 0 0 0 2 2 0 0 0 3 1.17 0.86 0.97 
2 0 2 1 1 0 1 0 2 2 1 1 1 2 2 0 0 0 2 2 0 0 0 3 1.17 0.83 0.99 
1 0 2 1 1 0 1 0 2 1 1 1 1 2 2 2 0 0 2 2 0 0 0 3 1.07 1.09 0.85 
1 0 2 1 1 0 1 0 2 2 1 1 1 2 2 2 0 0 2 2 0 0 0 3 1.07 0.98 0.95 
1 0 2 1 1 0 1 0 2 2 1 1 1 2 2 1 0 0 2 2 0 0 0 3 1.07 1.08 0.85 
1 0 2 2 1 0 1 0 2 2 1 1 1 2 2 2 0 0 2 2 0 0 0 3 1.07 0.86 1.07 
1 0 2 2 1 0 1 0 2 2 1 1 1 2 2 1 0 0 2 2 0 0 0 3 1.07 0.97 0.97 
1 0 2 2 1 0 1 0 2 2 1 1 1 2 1 1 0 0 2 2 0 0 0 3 1.07 1.09 0.84 
1 0 2 2 1 0 1 0 2 2 2 1 1 1 1 1 0 0 2 2 0 0 0 3 1.07 1.04 0.89 
1 0 2 2 1 0 1 0 2 2 2 1 1 2 1 1 0 0 2 2 0 0 0 3 1.07 0.94 1.0 
1 0 2 2 1 0 1 0 2 2 2 1 1 2 2 1 0 0 2 2 0 0 0 3 1.07 0.81 1.12 
2 0 2 1 1 0 1 0 2 1 1 1 1 2 2 2 0 0 2 2 0 0 0 3 1.07 0.94 0.99 
2 0 2 1 1 0 1 0 2 2 1 1 1 2 2 2 0 0 2 2 0 0 0 3 1.07 0.83 1.1 
2 0 2 1 1 0 1 0 2 2 1 1 1 2 2 1 0 0 2 2 0 0 0 3 1.07 0.94 0.99 
2 0 2 1 1 0 1 0 2 2 1 1 1 2 1 1 0 0 2 2 0 0 0 3 1.07 1.07 0.87 
2 0 2 2 1 0 1 0 2 2 1 1 1 2 2 1 0 0 2 2 0 0 0 3 1.07 0.82 1.11 
2 0 2 2 1 0 1 0 2 2 1 1 1 1 1 1 0 0 2 2 0 0 0 3 1.07 1.05 0.88 
2 0 2 2 1 0 1 0 2 2 1 1 1 2 1 1 0 0 2 2 0 0 0 3 1.07 0.95 0.98 
2 0 2 2 1 0 1 0 2 2 2 1 1 1 1 1 0 0 2 2 0 0 0 3 1.07 0.9 1.04 
2 0 1 2 1 0 1 0 1 2 2 2 2 1 1 1 0 0 1 1 0 0 0 3 1.07 1.12 0.81 
1 0 2 1 2 0 1 0 2 1 1 1 1 2 2 2 0 2 2 2 0 0 0 3 0.96 0.93 1.11 
1 0 2 1 1 0 1 0 2 1 1 1 1 2 2 2 0 2 2 2 0 0 0 3 0.96 1.09 0.95 
1 0 2 1 1 0 1 0 2 1 1 1 1 2 2 2 0 1 2 2 0 0 0 3 0.96 1.19 0.85 
1 0 2 1 1 0 1 0 2 2 1 1 1 2 2 1 0 1 2 2 0 0 0 3 0.96 1.19 0.85 
1 0 2 1 1 0 1 0 2 2 1 1 1 2 2 2 0 2 2 2 0 0 0 3 0.96 0.98 1.06 
1 0 2 1 1 0 1 0 2 2 1 1 1 2 2 2 0 1 2 2 0 0 0 3 0.96 1.09 0.95 
1 0 2 2 1 0 1 0 2 2 1 1 1 2 1 1 0 1 2 2 0 0 0 3 0.96 1.2 0.84 
1 0 2 2 1 0 1 0 2 2 1 1 1 2 2 1 0 1 2 2 0 0 0 3 0.96 1.07 0.97 
1 0 2 2 1 0 1 0 2 2 1 1 1 2 2 2 0 2 2 2 0 0 0 3 0.96 0.86 1.18 
1 0 2 2 1 0 1 0 2 2 1 1 1 2 2 2 0 1 2 2 0 0 0 3 0.96 0.97 1.07 
1 0 2 2 1 0 1 0 2 2 2 1 1 1 1 1 0 1 2 2 0 0 0 3 0.96 1.15 0.89 
1 0 2 2 1 0 1 0 2 2 2 1 1 2 1 1 0 1 2 2 0 0 0 3 0.96 1.04 1.0 
1 0 2 2 1 0 1 0 2 2 2 1 1 2 2 1 0 1 2 2 0 0 0 3 0.96 0.92 1.12 
2 0 2 2 1 0 1 0 2 2 2 1 1 1 1 1 0 1 2 2 0 0 0 3 0.96 1.0 1.04 
2 0 2 2 1 0 1 0 2 2 1 1 1 1 1 1 0 1 2 2 0 0 0 3 0.96 1.16 0.88 
2 0 2 2 1 0 1 0 2 2 2 1 1 2 1 1 0 1 2 2 0 0 0 3 0.96 0.9 1.14 
2 0 2 2 1 0 1 0 2 2 1 1 1 2 1 1 0 1 2 2 0 0 0 3 0.96 1.06 0.98 
2 0 2 1 1 0 1 0 2 2 1 1 1 2 1 1 0 1 2 2 0 0 0 3 0.96 1.17 0.87 
2 0 2 2 1 0 1 0 2 2 1 1 1 2 2 1 0 1 2 2 0 0 0 3 0.96 0.93 1.11 
2 0 2 1 1 0 1 0 2 2 1 1 1 2 2 1 0 1 2 2 0 0 0 3 0.96 1.05 0.99 
2 0 2 1 1 0 1 0 2 2 1 1 1 2 2 2 0 1 2 2 0 0 0 3 0.96 0.94 1.1 
2 0 2 1 1 0 1 0 2 1 1 1 1 2 2 2 0 1 2 2 0 0 0 3 0.96 1.05 0.99 
2 0 2 1 1 0 1 0 2 1 1 1 1 2 2 2 0 2 2 2 0 0 0 3 0.96 0.94 1.1 
2 0 1 1 2 0 2 0 1 1 1 1 1 2 2 2 0 2 1 1 0 0 0 3 0.96 1.18 0.86 
1 0 2 1 1 0 1 0 2 1 1 1 0 2 2 2 0 2 2 2 0 0 0 3 1.09 0.95 0.95 
1 0 2 1 1 0 1 0 2 1 1 1 0 2 2 2 0 1 2 2 0 0 0 3 1.09 1.06 0.85 
1 0 2 1 1 0 1 0 2 2 1 1 0 2 2 2 0 2 2 2 0 0 0 3 1.09 0.85 1.06 
1 0 2 1 1 0 1 0 2 2 1 1 0 2 2 1 0 1 2 2 0 0 0 3 1.09 1.06 0.85 
1 0 2 1 1 0 1 0 2 2 1 1 0 2 2 2 0 1 2 2 0 0 0 3 1.09 0.95 0.95 
1 0 2 2 1 0 1 0 2 2 1 1 0 2 1 1 0 1 2 2 0 0 0 3 1.09 1.07 0.84 
1 0 2 2 1 0 1 0 2 2 1 1 0 2 2 1 0 1 2 2 0 0 0 3 1.09 0.94 0.97 
1 0 2 2 1 0 1 0 2 2 1 1 0 2 2 2 0 1 2 2 0 0 0 3 1.09 0.84 1.07 
1 0 2 2 1 0 1 0 2 2 2 2 0 1 1 1 0 1 2 2 0 0 0 3 1.09 0.86 1.05 
1 0 2 2 1 0 1 0 2 2 2 1 0 1 1 1 0 1 2 2 0 0 0 3 1.09 1.02 0.89 
1 0 2 2 1 0 1 0 2 2 2 1 0 2 1 1 0 1 2 2 0 0 0 3 1.09 0.91 1.0 
2 0 2 1 1 0 1 0 2 1 1 1 0 2 2 2 0 2 2 2 0 0 0 3 1.09 0.81 1.1 
2 0 2 1 1 0 1 0 2 1 1 1 0 2 2 2 0 1 2 2 0 0 0 3 1.09 0.92 0.99 
2 0 2 1 1 0 1 0 2 2 1 1 0 2 1 1 0 1 2 2 0 0 0 3 1.09 1.04 0.87 
2 0 2 1 1 0 1 0 2 2 1 1 0 2 2 1 0 1 2 2 0 0 0 3 1.09 0.91 0.99 
2 0 2 1 1 0 1 0 2 2 1 1 0 2 2 2 0 1 2 2 0 0 0 3 1.09 0.81 1.1 
2 0 2 2 1 0 1 0 2 2 1 1 0 1 1 1 0 1 2 2 0 0 0 3 1.09 1.03 0.88 
2 0 2 2 1 0 1 0 2 2 1 1 0 2 1 1 0 1 2 2 0 0 0 3 1.09 0.92 0.98 
2 0 2 2 1 0 1 0 2 2 2 1 0 1 1 1 0 1 2 2 0 0 0 3 1.09 0.87 1.04 
2 0 1 2 1 0 2 0 1 2 2 2 0 1 1 1 0 1 1 1 0 0 0 3 1.09 1.11 0.8 
1 0 2 1 1 0 1 0 2 1 1 1 1 2 2 2 2 2 2 2 0 0 0 3 0.81 1.09 1.1 
1 0 2 2 1 0 1 0 2 2 1 1 1 2 2 2 1 1 2 2 0 0 0 3 0.81 1.12 1.07 
1 0 2 2 1 0 1 0 2 2 2 1 1 2 1 1 1 1 2 2 0 0 0 3 0.81 1.19 1.0 
1 0 2 2 1 0 1 0 2 2 2 1 1 2 2 1 1 1 2 2 0 0 0 3 0.81 1.06 1.12 
2 0 2 2 1 0 1 0 2 2 2 1 1 1 1 1 1 1 2 2 0 0 0 3 0.81 1.15 1.04 
2 0 2 2 1 0 1 0 2 2 2 1 1 2 1 1 1 1 2 2 0 0 0 3 0.81 1.05 1.14 
2 0 2 2 1 0 1 0 2 2 1 1 1 2 2 1 1 1 2 2 0 0 0 3 0.81 1.08 1.11 
2 0 2 1 1 0 1 0 2 2 1 1 1 2 2 1 1 1 2 2 0 0 0 3 0.81 1.19 0.99 
2 0 2 1 1 0 1 0 2 2 1 1 1 2 2 2 1 1 2 2 0 0 0 3 0.81 1.09 1.1 
2 0 2 1 1 0 1 0 2 1 1 1 1 2 2 2 1 1 2 2 0 0 0 3 0.81 1.2 0.99 
2 0 1 1 2 0 2 0 1 1 1 1 1 2 2 2 2 2 1 1 0 0 0 3 0.81 1.18 1.01 
1 0 2 1 1 0 1 0 2 1 1 0 0 2 2 2 1 1 2 2 0 0 0 3 1.1 1.05 0.85 
1 0 2 1 1 0 1 0 2 2 1 0 0 2 2 2 1 1 2 2 0 0 0 3 1.1 0.94 0.95 
1 0 2 1 1 0 1 0 2 2 1 0 0 2 2 1 1 1 2 2 0 0 0 3 1.1 1.05 0.85 
1 0 2 2 1 0 1 0 2 2 1 0 0 2 2 2 1 1 2 2 0 0 0 3 1.1 0.83 1.07 
1 0 2 2 1 0 1 0 2 2 1 0 0 2 2 1 1 1 2 2 0 0 0 3 1.1 0.93 0.97 
1 0 2 2 1 0 1 0 2 2 1 0 0 2 1 1 1 1 2 2 0 0 0 3 1.1 1.06 0.84 
1 0 2 2 1 0 1 0 2 2 2 0 0 1 1 1 1 1 2 2 0 0 0 3 1.1 1.01 0.89 
1 0 2 2 1 0 1 0 2 2 2 0 0 2 1 1 1 1 2 2 0 0 0 3 1.1 0.9 1.0 
2 0 2 1 1 0 1 0 2 2 1 0 0 2 2 2 1 1 2 2 0 0 0 3 1.1 0.8 1.1 
2 0 2 1 1 0 1 0 2 1 1 0 0 2 2 2 1 1 2 2 0 0 0 3 1.1 0.91 0.99 
2 0 2 1 1 0 1 0 2 2 1 0 0 2 2 1 1 1 2 2 0 0 0 3 1.1 0.91 0.99 
2 0 2 1 1 0 1 0 2 2 1 0 0 2 1 1 1 1 2 2 0 0 0 3 1.1 1.03 0.87 
2 0 2 2 1 0 1 0 2 2 1 0 0 1 1 1 1 1 2 2 0 0 0 3 1.1 1.02 0.88 
2 0 2 2 1 0 1 0 2 2 1 0 0 2 1 1 1 1 2 2 0 0 0 3 1.1 0.91 0.98 
2 0 2 2 1 0 1 0 2 2 2 0 0 1 1 1 1 1 2 2 0 0 0 3 1.1 0.86 1.04 
1 0 2 2 1 0 2 0 2 2 2 0 0 1 1 1 1 1 2 2 0 0 0 3 1.1 0.89 1.01 
1 0 2 1 1 0 1 0 2 2 1 1 0 2 2 2 1 1 2 2 0 0 0 3 0.95 1.1 0.95 
1 0 2 2 1 0 1 0 2 2 1 1 0 2 2 2 1 1 2 2 0 0 0 3 0.95 0.98 1.07 
1 0 2 2 1 0 1 0 2 2 1 1 0 2 2 1 1 1 2 2 0 0 0 3 0.95 1.09 0.97 
1 0 2 2 1 0 1 0 2 2 2 2 0 1 1 1 1 1 2 2 0 0 0 3 0.95 1.01 1.05 
1 0 2 2 1 0 1 0 2 2 2 1 0 1 1 1 1 1 2 2 0 0 0 3 0.95 1.16 0.89 
1 0 2 2 1 0 1 0 2 2 2 2 0 2 1 1 1 1 2 2 0 0 0 3 0.95 0.9 1.15 
1 0 2 2 1 0 1 0 2 2 2 1 0 2 1 1 1 1 2 2 0 0 0 3 0.95 1.06 1.0 
1 0 2 2 1 0 1 0 2 2 2 1 0 2 2 1 1 1 2 2 0 0 0 3 0.95 0.93 1.12 
2 0 2 1 1 0 1 0 2 1 1 1 0 2 2 2 1 1 2 2 0 0 0 3 0.95 1.06 0.99 
2 0 2 1 1 0 1 0 2 2 1 1 0 2 2 2 1 1 2 2 0 0 0 3 0.95 0.96 1.1 
2 0 2 1 1 0 1 0 2 2 1 1 0 2 2 1 1 1 2 2 0 0 0 3 0.95 1.06 0.99 
2 0 2 1 1 0 1 0 2 2 1 1 0 2 1 1 1 1 2 2 0 0 0 3 0.95 1.19 0.87 
2 0 2 2 1 0 1 0 2 2 1 1 0 2 2 1 1 1 2 2 0 0 0 3 0.95 0.94 1.11 
2 0 2 2 1 0 1 0 2 2 1 1 0 1 1 1 1 1 2 2 0 0 0 3 0.95 1.18 0.88 
2 0 2 2 1 0 1 0 2 2 1 1 0 2 1 1 1 1 2 2 0 0 0 3 0.95 1.07 0.98 
2 0 2 2 1 0 1 0 2 2 2 1 0 1 1 1 1 1 2 2 0 0 0 3 0.95 1.02 1.04 
2 0 2 2 1 0 1 0 2 2 2 1 0 2 1 1 1 1 2 2 0 0 0 3 0.95 0.91 1.14 
2 0 2 2 1 0 1 0 2 2 2 2 0 1 1 1 1 1 2 2 0 0 0 3 0.95 0.86 1.19 
1 0 2 2 1 0 2 0 2 2 2 2 0 1 1 1 1 1 2 2 0 0 0 3 0.95 0.89 1.17 
2 0 1 2 2 0 2 0 1 2 2 2 0 1 1 1 1 1 1 1 0 0 0 3 0.95 1.1 0.95 
1 0 2 1 1 0 1 0 2 2 0 0 0 2 2 2 1 1 2 2 0 0 1 3 1.14 0.9 0.95 
1 0 2 1 1 0 1 0 2 1 0 0 0 2 2 2 1 1 2 2 0 0 1 3 1.14 1.01 0.85 
1 0 2 1 1 0 1 0 2 2 0 0 0 2 2 1 1 1 2 2 0 0 1 3 1.14 1.01 0.85 
1 0 2 2 1 0 1 0 2 2 0 0 0 2 2 1 1 1 2 2 0 0 1 3 1.14 0.89 0.97 
1 0 2 2 1 0 1 0 2 2 0 0 0 2 1 1 1 1 2 2 0 0 1 3 1.14 1.02 0.84 
2 0 2 2 1 0 1 0 2 2 0 0 0 1 1 1 1 1 2 2 0 0 1 3 1.14 0.98 0.88 
2 0 2 2 1 0 1 0 2 2 0 0 0 2 1 1 1 1 2 2 0 0 1 3 1.14 0.87 0.98 
2 0 2 2 1 0 2 0 2 2 0 0 0 1 1 1 1 1 2 2 0 0 1 3 1.14 0.86 1.0 
1 0 2 1 1 0 1 0 2 1 1 0 0 2 2 2 1 1 2 2 0 0 1 3 0.99 1.17 0.85 
1 0 2 1 1 0 1 0 2 2 1 0 0 2 2 2 1 1 2 2 0 0 1 3 0.99 1.06 0.95 
1 0 2 1 1 0 1 0 2 2 1 0 0 2 2 1 1 1 2 2 0 0 1 3 0.99 1.16 0.85 
1 0 2 2 1 0 1 0 2 2 1 0 0 2 2 2 1 1 2 2 0 0 1 3 0.99 0.94 1.07 
1 0 2 2 1 0 1 0 2 2 1 0 0 2 2 1 1 1 2 2 0 0 1 3 0.99 1.04 0.97 
1 0 2 2 1 0 1 0 2 2 1 0 0 2 1 1 1 1 2 2 0 0 1 3 0.99 1.17 0.84 
1 0 2 2 1 0 1 0 2 2 2 0 0 2 2 1 1 1 2 2 0 0 1 3 0.99 0.89 1.12 
1 0 2 2 1 0 1 0 2 2 2 0 0 1 1 1 1 1 2 2 0 0 1 3 0.99 1.12 0.89 
1 0 2 2 1 0 1 0 2 2 2 0 0 2 1 1 1 1 2 2 0 0 1 3 0.99 1.02 1.0 
2 0 2 1 1 0 1 0 2 2 1 0 0 2 2 2 1 1 2 2 0 0 1 3 0.99 0.91 1.1 
2 0 2 1 1 0 1 0 2 1 1 0 0 2 2 2 1 1 2 2 0 0 1 3 0.99 1.02 0.99 
2 0 2 1 1 0 1 0 2 2 1 0 0 2 2 1 1 1 2 2 0 0 1 3 0.99 1.02 0.99 
2 0 2 1 1 0 1 0 2 2 1 0 0 2 1 1 1 1 2 2 0 0 1 3 0.99 1.15 0.87 
2 0 2 2 1 0 1 0 2 2 1 0 0 2 2 1 1 1 2 2 0 0 1 3 0.99 0.9 1.11 
2 0 2 2 1 0 1 0 2 2 1 0 0 1 1 1 1 1 2 2 0 0 1 3 0.99 1.13 0.88 
2 0 2 2 1 0 1 0 2 2 1 0 0 2 1 1 1 1 2 2 0 0 1 3 0.99 1.03 0.98 
2 0 2 2 1 0 1 0 2 2 2 0 0 1 1 1 1 1 2 2 0 0 1 3 0.99 0.98 1.04 
2 0 2 2 1 0 1 0 2 2 2 0 0 2 1 1 1 1 2 2 0 0 1 3 0.99 0.87 1.14 
1 0 2 2 1 0 2 0 2 2 2 0 0 1 1 1 1 1 2 2 0 0 1 3 0.99 1.0 1.01 
1 0 2 2 1 0 2 0 2 2 2 0 0 2 1 1 1 1 2 2 0 0 1 3 0.99 0.89 1.12 
2 0 2 2 1 0 2 0 2 2 2 0 0 1 1 1 1 1 2 2 0 0 1 3 0.99 0.86 1.16 
1 0 2 2 2 0 2 0 2 2 2 0 0 1 1 1 1 1 2 2 0 0 1 3 0.99 0.85 1.16 
1 0 2 2 1 0 1 0 2 2 1 1 0 2 2 2 1 1 2 2 0 0 1 3 0.83 1.1 1.07 
1 0 2 2 1 0 1 0 2 2 2 2 0 1 1 1 1 1 2 2 0 0 1 3 0.83 1.12 1.05 
1 0 2 2 1 0 1 0 2 2 2 2 0 2 1 1 1 1 2 2 0 0 1 3 0.83 1.02 1.15 
1 0 2 2 1 0 1 0 2 2 2 1 0 2 1 1 1 1 2 2 0 0 1 3 0.83 1.17 1.0 
1 0 2 2 1 0 1 0 2 2 2 1 0 2 2 1 1 1 2 2 0 0 1 3 0.83 1.04 1.12 
2 0 2 1 1 0 1 0 2 1 1 1 0 2 2 2 1 1 2 2 0 0 1 3 0.83 1.18 0.99 
2 0 2 1 1 0 1 0 2 2 1 1 0 2 2 2 1 1 2 2 0 0 1 3 0.83 1.07 1.1 
2 0 2 1 1 0 1 0 2 2 1 1 0 2 2 1 1 1 2 2 0 0 1 3 0.83 1.17 0.99 
2 0 2 2 1 0 1 0 2 2 1 1 0 2 2 1 1 1 2 2 0 0 1 3 0.83 1.06 1.11 
2 0 2 2 1 0 1 0 2 2 1 1 0 2 1 1 1 1 2 2 0 0 1 3 0.83 1.18 0.98 
2 0 2 2 1 0 1 0 2 2 2 1 0 1 1 1 1 1 2 2 0 0 1 3 0.83 1.13 1.04 
2 0 2 2 1 0 1 0 2 2 2 1 0 2 1 1 1 1 2 2 0 0 1 3 0.83 1.03 1.14 
2 0 2 2 1 0 1 0 2 2 2 2 0 1 1 1 1 1 2 2 0 0 1 3 0.83 0.98 1.19 
1 0 2 2 1 0 2 0 2 2 2 2 0 1 1 1 1 1 2 2 0 0 1 3 0.83 1.0 1.17 
0 0 2 2 1 1 1 0 2 2 1 1 1 2 2 0 0 0 2 2 0 0 0 3 1.18 0.85 0.97 
0 0 2 1 1 1 1 0 2 2 1 1 1 2 2 0 0 0 2 2 0 0 0 3 1.18 0.97 0.85 
1 0 2 2 1 1 1 0 2 2 1 1 1 2 0 0 0 0 2 2 0 0 0 3 1.16 1.0 0.84 
1 0 2 2 1 1 1 0 2 2 2 1 1 2 0 0 0 0 2 2 0 0 0 3 1.16 0.84 1.0 
2 0 2 2 1 1 1 0 2 2 1 1 1 2 0 0 0 0 2 2 0 0 0 3 1.16 0.85 0.98 
2 0 2 1 1 1 1 0 2 2 1 1 1 2 0 0 0 0 2 2 0 0 0 3 1.16 0.97 0.87 
1 0 2 1 1 1 1 0 2 2 1 1 1 2 2 0 0 0 2 2 0 0 0 3 1.03 1.12 0.85 
1 0 2 2 1 1 1 0 2 2 1 1 1 2 2 0 0 0 2 2 0 0 0 3 1.03 1.0 0.97 
1 0 2 2 1 1 1 0 2 2 2 1 1 2 2 0 0 0 2 2 0 0 0 3 1.03 0.84 1.12 
2 0 2 2 1 1 1 0 2 2 1 1 1 2 2 0 0 0 2 2 0 0 0 3 1.03 0.85 1.11 
2 0 2 1 1 1 1 0 2 2 1 1 1 2 2 0 0 0 2 2 0 0 0 3 1.03 0.97 0.99 
1 0 1 2 2 2 2 0 1 1 2 2 0 1 1 0 0 0 1 1 0 0 0 3 1.17 0.99 0.84 
2 0 1 1 2 2 2 0 1 1 2 2 0 1 1 0 0 0 1 1 0 0 0 3 1.17 0.97 0.87 
2 0 1 2 2 2 2 0 1 1 2 2 0 1 1 0 0 0 1 1 0 0 0 3 1.17 0.85 0.98 
1 0 2 1 1 1 1 0 2 2 1 1 1 2 2 2 0 0 2 2 0 0 0 3 0.93 1.12 0.95 
1 0 2 2 1 1 1 0 2 2 1 1 1 2 2 1 0 0 2 2 0 0 0 3 0.93 1.1 0.97 
1 0 2 2 1 1 1 0 2 2 1 1 1 2 2 2 0 0 2 2 0 0 0 3 0.93 1.0 1.07 
1 0 2 2 1 1 1 0 2 2 2 1 1 1 1 1 0 0 2 2 0 0 0 3 0.93 1.18 0.89 
1 0 2 2 1 1 1 0 2 2 2 1 1 2 1 1 0 0 2 2 0 0 0 3 0.93 1.07 1.0 
1 0 2 2 1 1 1 0 2 2 2 1 1 2 2 1 0 0 2 2 0 0 0 3 0.93 0.95 1.12 
2 0 2 1 1 1 1 0 2 2 1 1 1 2 2 2 0 0 2 2 0 0 0 3 0.93 0.97 1.1 
2 0 2 1 1 1 1 0 2 1 1 1 1 2 2 2 0 0 2 2 0 0 0 3 0.93 1.08 0.99 
2 0 2 1 1 1 1 0 2 2 1 1 1 2 2 1 0 0 2 2 0 0 0 3 0.93 1.08 0.99 
2 0 2 2 1 1 1 0 2 2 1 1 1 2 2 1 0 0 2 2 0 0 0 3 0.93 0.96 1.11 
2 0 2 2 1 1 1 0 2 2 1 1 1 1 1 1 0 0 2 2 0 0 0 3 0.93 1.19 0.88 
2 0 2 2 1 1 1 0 2 2 1 1 1 2 1 1 0 0 2 2 0 0 0 3 0.93 1.09 0.98 
2 0 2 2 1 1 1 0 2 2 2 1 1 1 1 1 0 0 2 2 0 0 0 3 0.93 1.03 1.04 
2 0 2 2 1 1 1 0 2 2 2 1 1 2 1 1 0 0 2 2 0 0 0 3 0.93 0.93 1.14 
2 0 1 1 2 2 2 0 1 1 1 1 1 2 2 2 0 0 1 1 0 0 0 3 0.93 1.18 0.89 
1 0 2 1 1 1 1 0 2 1 1 1 0 2 2 2 0 0 2 2 0 0 0 3 1.06 1.09 0.85 
1 0 2 1 1 1 1 0 2 2 1 1 0 2 2 2 0 0 2 2 0 0 0 3 1.06 0.98 0.95 
1 0 2 1 1 1 1 0 2 2 1 1 0 2 2 1 0 0 2 2 0 0 0 3 1.06 1.09 0.85 
1 0 2 2 1 1 1 0 2 2 1 1 0 2 2 2 0 0 2 2 0 0 0 3 1.06 0.87 1.07 
1 0 2 2 1 1 1 0 2 2 1 1 0 2 2 1 0 0 2 2 0 0 0 3 1.06 0.97 0.97 
1 0 2 2 1 1 1 0 2 2 1 1 0 2 1 1 0 0 2 2 0 0 0 3 1.06 1.1 0.84 
1 0 2 2 1 1 1 0 2 2 2 2 0 1 1 1 0 0 2 2 0 0 0 3 1.06 0.89 1.05 
1 0 2 2 1 1 1 0 2 2 2 1 0 1 1 1 0 0 2 2 0 0 0 3 1.06 1.04 0.89 
1 0 2 2 1 1 1 0 2 2 2 1 0 2 1 1 0 0 2 2 0 0 0 3 1.06 0.94 1.0 
1 0 2 2 1 1 1 0 2 2 2 1 0 2 2 1 0 0 2 2 0 0 0 3 1.06 0.81 1.12 
2 0 2 1 1 1 1 0 2 1 1 1 0 2 2 2 0 0 2 2 0 0 0 3 1.06 0.95 0.99 
2 0 2 1 1 1 1 0 2 2 1 1 0 2 2 2 0 0 2 2 0 0 0 3 1.06 0.84 1.1 
2 0 2 1 1 1 1 0 2 2 1 1 0 2 2 1 0 0 2 2 0 0 0 3 1.06 0.94 0.99 
2 0 2 1 1 1 1 0 2 2 1 1 0 2 1 1 0 0 2 2 0 0 0 3 1.06 1.07 0.87 
2 0 2 2 1 1 1 0 2 2 1 1 0 2 2 1 0 0 2 2 0 0 0 3 1.06 0.83 1.11 
2 0 2 2 1 1 1 0 2 2 1 1 0 1 1 1 0 0 2 2 0 0 0 3 1.06 1.06 0.88 
2 0 2 2 1 1 1 0 2 2 1 1 0 2 1 1 0 0 2 2 0 0 0 3 1.06 0.95 0.98 
2 0 2 2 1 1 1 0 2 2 2 1 0 1 1 1 0 0 2 2 0 0 0 3 1.06 0.9 1.04 
1 0 2 1 2 1 1 0 2 1 1 1 1 2 2 2 0 2 2 2 0 0 0 3 0.82 1.07 1.11 
1 0 2 1 1 1 1 0 2 2 1 1 1 2 2 2 0 2 2 2 0 0 0 3 0.82 1.12 1.06 
1 0 2 2 1 1 1 0 2 2 1 1 1 2 2 2 0 2 2 2 0 0 0 3 0.82 1.0 1.18 
1 0 2 2 1 1 1 0 2 2 1 1 1 2 2 2 0 1 2 2 0 0 0 3 0.82 1.1 1.07 
1 0 2 2 1 1 1 0 2 2 2 1 1 2 1 1 0 1 2 2 0 0 0 3 0.82 1.18 1.0 
1 0 2 2 1 1 1 0 2 2 2 1 1 2 2 1 0 1 2 2 0 0 0 3 0.82 1.05 1.12 
2 0 2 2 1 1 1 0 2 2 2 1 1 1 1 1 0 1 2 2 0 0 0 3 0.82 1.14 1.04 
2 0 2 2 1 1 1 0 2 2 2 1 1 2 1 1 0 1 2 2 0 0 0 3 0.82 1.04 1.14 
2 0 2 2 1 1 1 0 2 2 1 1 1 2 1 1 0 1 2 2 0 0 0 3 0.82 1.19 0.98 
2 0 2 2 1 1 1 0 2 2 1 1 1 2 2 1 0 1 2 2 0 0 0 3 0.82 1.07 1.11 
2 0 2 1 1 1 1 0 2 2 1 1 1 2 2 1 0 1 2 2 0 0 0 3 0.82 1.18 0.99 
2 0 2 1 1 1 1 0 2 2 1 1 1 2 2 2 0 1 2 2 0 0 0 3 0.82 1.08 1.1 
2 0 2 1 1 1 1 0 2 1 1 1 1 2 2 2 0 1 2 2 0 0 0 3 0.82 1.19 0.99 
2 0 2 1 1 1 1 0 2 1 1 1 1 2 2 2 0 2 2 2 0 0 0 3 0.82 1.08 1.1 
2 0 1 1 2 2 2 0 1 1 1 1 1 2 2 2 0 2 1 1 0 0 0 3 0.82 1.18 1.0 
1 0 2 1 1 1 1 0 2 1 1 0 0 2 2 2 0 2 2 2 0 0 0 3 1.11 0.94 0.95 
1 0 2 1 1 1 1 0 2 1 1 0 0 2 2 2 0 1 2 2 0 0 0 3 1.11 1.04 0.85 
1 0 2 1 1 1 1 0 2 2 1 0 0 2 2 2 0 2 2 2 0 0 0 3 1.11 0.83 1.06 
1 0 2 1 1 1 1 0 2 2 1 0 0 2 2 1 0 1 2 2 0 0 0 3 1.11 1.04 0.85 
1 0 2 1 1 1 1 0 2 2 1 0 0 2 2 2 0 1 2 2 0 0 0 3 1.11 0.93 0.95 
1 0 2 2 1 1 1 0 2 2 1 0 0 2 1 1 0 1 2 2 0 0 0 3 1.11 1.05 0.84 
1 0 2 2 1 1 1 0 2 2 1 0 0 2 2 1 0 1 2 2 0 0 0 3 1.11 0.92 0.97 
1 0 2 2 1 1 1 0 2 2 1 0 0 2 2 2 0 1 2 2 0 0 0 3 1.11 0.82 1.07 
1 0 2 2 1 1 1 0 2 2 2 0 0 1 1 1 0 1 2 2 0 0 0 3 1.11 1.0 0.89 
1 0 2 2 1 1 1 0 2 2 2 0 0 2 1 1 0 1 2 2 0 0 0 3 1.11 0.89 1.0 
2 0 2 1 1 1 1 0 2 1 1 0 0 2 2 2 0 1 2 2 0 0 0 3 1.11 0.9 0.99 
2 0 2 1 1 1 1 0 2 2 1 0 0 2 1 1 0 1 2 2 0 0 0 3 1.11 1.02 0.87 
2 0 2 1 1 1 1 0 2 2 1 0 0 2 2 1 0 1 2 2 0 0 0 3 1.11 0.89 0.99 
2 0 2 2 1 1 1 0 2 2 1 0 0 1 1 1 0 1 2 2 0 0 0 3 1.11 1.01 0.88 
2 0 2 2 1 1 1 0 2 2 1 0 0 2 1 1 0 1 2 2 0 0 0 3 1.11 0.9 0.98 
2 0 2 2 1 1 1 0 2 2 2 0 0 1 1 1 0 1 2 2 0 0 0 3 1.11 0.85 1.04 
1 0 2 2 1 1 2 0 2 2 2 0 0 1 1 1 0 1 2 2 0 0 0 3 1.11 0.88 1.01 
1 0 2 1 1 1 1 0 2 1 1 1 0 2 2 2 0 2 2 2 0 0 0 3 0.96 1.09 0.95 
1 0 2 1 1 1 1 0 2 1 1 1 0 2 2 2 0 1 2 2 0 0 0 3 0.96 1.2 0.85 
1 0 2 1 1 1 1 0 2 2 1 1 0 2 2 2 0 2 2 2 0 0 0 3 0.96 0.98 1.06 
1 0 2 1 1 1 1 0 2 2 1 1 0 2 2 1 0 1 2 2 0 0 0 3 0.96 1.19 0.85 
1 0 2 1 1 1 1 0 2 2 1 1 0 2 2 2 0 1 2 2 0 0 0 3 0.96 1.09 0.95 
1 0 2 2 1 1 1 0 2 2 1 1 0 2 2 2 0 2 2 2 0 0 0 3 0.96 0.87 1.18 
1 0 2 2 1 1 1 0 2 2 1 1 0 2 2 1 0 1 2 2 0 0 0 3 0.96 1.08 0.97 
1 0 2 2 1 1 1 0 2 2 1 1 0 2 2 2 0 1 2 2 0 0 0 3 0.96 0.97 1.07 
1 0 2 2 1 1 1 0 2 2 2 2 0 1 1 1 0 1 2 2 0 0 0 3 0.96 1.0 1.05 
1 0 2 2 1 1 1 0 2 2 2 1 0 1 1 1 0 1 2 2 0 0 0 3 0.96 1.15 0.89 
1 0 2 2 1 1 1 0 2 2 2 2 0 2 1 1 0 1 2 2 0 0 0 3 0.96 0.89 1.15 
1 0 2 2 1 1 1 0 2 2 2 1 0 2 1 1 0 1 2 2 0 0 0 3 0.96 1.05 1.0 
1 0 2 2 1 1 1 0 2 2 2 1 0 2 2 1 0 1 2 2 0 0 0 3 0.96 0.92 1.12 
2 0 2 1 1 1 1 0 2 1 1 1 0 2 2 2 0 2 2 2 0 0 0 3 0.96 0.95 1.1 
2 0 2 1 1 1 1 0 2 1 1 1 0 2 2 2 0 1 2 2 0 0 0 3 0.96 1.05 0.99 
2 0 2 1 1 1 1 0 2 2 1 1 0 2 1 1 0 1 2 2 0 0 0 3 0.96 1.18 0.87 
2 0 2 1 1 1 1 0 2 2 1 1 0 2 2 1 0 1 2 2 0 0 0 3 0.96 1.05 0.99 
2 0 2 1 1 1 1 0 2 2 1 1 0 2 2 2 0 1 2 2 0 0 0 3 0.96 0.95 1.1 
2 0 2 2 1 1 1 0 2 2 1 1 0 1 1 1 0 1 2 2 0 0 0 3 0.96 1.16 0.88 
2 0 2 2 1 1 1 0 2 2 1 1 0 2 1 1 0 1 2 2 0 0 0 3 0.96 1.06 0.98 
2 0 2 2 1 1 1 0 2 2 1 1 0 2 2 1 0 1 2 2 0 0 0 3 0.96 0.93 1.11 
2 0 2 2 1 1 1 0 2 2 2 1 0 1 1 1 0 1 2 2 0 0 0 3 0.96 1.01 1.04 
2 0 2 2 1 1 1 0 2 2 2 1 0 2 1 1 0 1 2 2 0 0 0 3 0.96 0.9 1.14 
2 0 2 2 1 1 1 0 2 2 2 2 0 1 1 1 0 1 2 2 0 0 0 3 0.96 0.85 1.19 
1 0 2 2 1 1 2 0 2 2 2 2 0 1 1 1 0 1 2 2 0 0 0 3 0.96 0.88 1.17 
1 0 2 1 2 1 1 0 2 1 1 1 0 2 2 2 0 2 2 2 0 0 0 3 0.96 0.94 1.11 
1 0 2 2 1 1 1 0 2 2 0 0 0 2 2 2 1 1 2 2 0 0 0 3 1.12 0.81 1.07 
1 0 2 1 1 1 1 0 2 2 0 0 0 2 2 2 1 1 2 2 0 0 0 3 1.12 0.92 0.95 
1 0 2 1 1 1 1 0 2 1 0 0 0 2 2 2 1 1 2 2 0 0 0 3 1.12 1.03 0.85 
1 0 2 1 1 1 1 0 2 2 0 0 0 2 2 1 1 1 2 2 0 0 0 3 1.12 1.03 0.85 
1 0 2 2 1 1 1 0 2 2 0 0 0 2 2 1 1 1 2 2 0 0 0 3 1.12 0.91 0.97 
1 0 2 2 1 1 1 0 2 2 0 0 0 2 1 1 1 1 2 2 0 0 0 3 1.12 1.04 0.84 
2 0 2 2 1 1 1 0 2 2 0 0 0 1 1 1 1 1 2 2 0 0 0 3 1.12 1.0 0.88 
2 0 2 2 1 1 1 0 2 2 0 0 0 2 1 1 1 1 2 2 0 0 0 3 1.12 0.89 0.98 
2 0 2 2 1 1 2 0 2 2 0 0 0 1 1 1 1 1 2 2 0 0 0 3 1.12 0.88 1.0 
1 0 2 1 1 1 1 0 2 1 1 0 0 2 2 2 1 1 2 2 0 0 0 3 0.96 1.19 0.85 
1 0 2 1 1 1 1 0 2 2 1 0 0 2 2 2 1 1 2 2 0 0 0 3 0.96 1.08 0.95 
1 0 2 1 1 1 1 0 2 2 1 0 0 2 2 1 1 1 2 2 0 0 0 3 0.96 1.19 0.85 
1 0 2 2 1 1 1 0 2 2 1 0 0 2 2 2 1 1 2 2 0 0 0 3 0.96 0.96 1.07 
1 0 2 2 1 1 1 0 2 2 1 0 0 2 2 1 1 1 2 2 0 0 0 3 0.96 1.07 0.97 
1 0 2 2 1 1 1 0 2 2 1 0 0 2 1 1 1 1 2 2 0 0 0 3 0.96 1.19 0.84 
1 0 2 2 1 1 1 0 2 2 2 0 0 2 2 1 1 1 2 2 0 0 0 3 0.96 0.91 1.12 
1 0 2 2 1 1 1 0 2 2 2 0 0 1 1 1 1 1 2 2 0 0 0 3 0.96 1.14 0.89 
1 0 2 2 1 1 1 0 2 2 2 0 0 2 1 1 1 1 2 2 0 0 0 3 0.96 1.04 1.0 
2 0 2 1 1 1 1 0 2 2 1 0 0 2 2 2 1 1 2 2 0 0 0 3 0.96 0.94 1.1 
2 0 2 1 1 1 1 0 2 1 1 0 0 2 2 2 1 1 2 2 0 0 0 3 0.96 1.05 0.99 
2 0 2 1 1 1 1 0 2 2 1 0 0 2 2 1 1 1 2 2 0 0 0 3 0.96 1.04 0.99 
2 0 2 1 1 1 1 0 2 2 1 0 0 2 1 1 1 1 2 2 0 0 0 3 0.96 1.17 0.87 
2 0 2 2 1 1 1 0 2 2 1 0 0 2 2 1 1 1 2 2 0 0 0 3 0.96 0.92 1.11 
2 0 2 2 1 1 1 0 2 2 1 0 0 1 1 1 1 1 2 2 0 0 0 3 0.96 1.16 0.88 
2 0 2 2 1 1 1 0 2 2 1 0 0 2 1 1 1 1 2 2 0 0 0 3 0.96 1.05 0.98 
2 0 2 2 1 1 1 0 2 2 2 0 0 1 1 1 1 1 2 2 0 0 0 3 0.96 1.0 1.04 
2 0 2 2 1 1 1 0 2 2 2 0 0 2 1 1 1 1 2 2 0 0 0 3 0.96 0.89 1.14 
1 0 2 2 1 1 2 0 2 2 2 0 0 1 1 1 1 1 2 2 0 0 0 3 0.96 1.02 1.01 
1 0 2 2 1 1 2 0 2 2 2 0 0 2 1 1 1 1 2 2 0 0 0 3 0.96 0.92 1.12 
2 0 2 2 1 1 2 0 2 2 2 0 0 1 1 1 1 1 2 2 0 0 0 3 0.96 0.88 1.16 
1 0 2 2 1 2 2 0 2 2 2 0 0 1 1 1 1 1 2 2 0 0 0 3 0.96 0.89 1.15 
2 0 1 2 2 2 2 0 1 2 2 0 0 1 1 1 1 1 1 1 0 0 0 3 0.96 1.1 0.94 
1 0 2 2 1 1 1 0 2 2 1 1 0 2 2 2 1 1 2 2 0 0 0 3 0.81 1.12 1.07 
1 0 2 2 1 1 1 0 2 2 2 2 0 1 1 1 1 1 2 2 0 0 0 3 0.81 1.14 1.05 
1 0 2 2 1 1 1 0 2 2 2 2 0 2 1 1 1 1 2 2 0 0 0 3 0.81 1.04 1.15 
1 0 2 2 1 1 1 0 2 2 2 1 0 2 1 1 1 1 2 2 0 0 0 3 0.81 1.19 1.0 
1 0 2 2 1 1 1 0 2 2 2 1 0 2 2 1 1 1 2 2 0 0 0 3 0.81 1.07 1.12 
2 0 2 1 1 1 1 0 2 2 1 1 0 2 2 2 1 1 2 2 0 0 0 3 0.81 1.09 1.1 
2 0 2 1 1 1 1 0 2 2 1 1 0 2 2 1 1 1 2 2 0 0 0 3 0.81 1.2 0.99 
2 0 2 2 1 1 1 0 2 2 1 1 0 2 2 1 1 1 2 2 0 0 0 3 0.81 1.08 1.11 
2 0 2 2 1 1 1 0 2 2 2 1 0 1 1 1 1 1 2 2 0 0 0 3 0.81 1.16 1.04 
2 0 2 2 1 1 1 0 2 2 2 1 0 2 1 1 1 1 2 2 0 0 0 3 0.81 1.05 1.14 
2 0 2 2 1 1 1 0 2 2 2 2 0 1 1 1 1 1 2 2 0 0 0 3 0.81 1.0 1.19 
1 0 2 2 1 1 2 0 2 2 2 2 0 1 1 1 1 1 2 2 0 0 0 3 0.81 1.02 1.17 
2 0 1 2 2 2 2 0 1 2 2 2 0 1 1 1 1 1 1 1 0 0 0 3 0.81 1.1 1.09 
0 0 1 1 2 2 2 0 1 1 0 0 0 1 1 2 2 2 1 1 0 0 2 3 1.15 0.97 0.88 
0 0 1 1 2 2 2 0 1 1 0 0 0 1 2 2 2 2 1 1 0 0 2 3 1.15 0.84 1.01 
1 0 2 0 1 1 1 0 2 2 0 0 0 2 2 2 1 1 2 2 0 0 1 3 1.13 0.92 0.95 
1 0 2 0 1 1 1 0 2 1 0 0 0 2 2 2 1 1 2 2 0 0 1 3 1.13 1.03 0.85 
1 0 2 0 1 1 1 0 2 2 0 0 0 2 2 1 1 1 2 2 0 0 1 3 1.13 1.02 0.85 
2 0 2 0 1 1 1 0 2 2 0 0 0 2 2 1 1 1 2 2 0 0 1 3 1.13 0.88 0.99 
2 0 2 0 1 1 1 0 2 2 0 0 0 2 1 1 1 1 2 2 0 0 1 3 1.13 1.01 0.87 
2 0 2 0 1 1 2 0 2 2 0 0 0 1 1 1 1 1 2 2 0 0 1 3 1.13 0.99 0.88 
2 0 2 0 1 1 2 0 2 2 0 0 0 2 1 1 1 1 2 2 0 0 1 3 1.13 0.89 0.99 
2 0 2 0 1 2 2 0 2 2 0 0 0 1 1 1 1 1 2 2 0 0 1 3 1.13 0.86 1.02 
1 0 2 2 1 1 1 0 2 2 0 0 0 2 2 2 1 1 2 2 0 0 1 3 1.01 0.92 1.07 
1 0 2 1 1 1 1 0 2 2 0 0 0 2 2 2 1 1 2 2 0 0 1 3 1.01 1.04 0.95 
1 0 2 1 1 1 1 0 2 1 0 0 0 2 2 2 1 1 2 2 0 0 1 3 1.01 1.15 0.85 
1 0 2 1 1 1 1 0 2 2 0 0 0 2 2 1 1 1 2 2 0 0 1 3 1.01 1.14 0.85 
1 0 2 2 1 1 1 0 2 2 0 0 0 2 2 1 1 1 2 2 0 0 1 3 1.01 1.02 0.97 
1 0 2 2 1 1 1 0 2 2 0 0 0 2 1 1 1 1 2 2 0 0 1 3 1.01 1.15 0.84 
2 0 2 2 1 1 1 0 2 2 0 0 0 2 2 1 1 1 2 2 0 0 1 3 1.01 0.88 1.11 
2 0 2 2 1 1 1 0 2 2 0 0 0 1 1 1 1 1 2 2 0 0 1 3 1.01 1.11 0.88 
2 0 2 2 1 1 1 0 2 2 0 0 0 2 1 1 1 1 2 2 0 0 1 3 1.01 1.01 0.98 
2 0 2 2 1 1 2 0 2 2 0 0 0 1 1 1 1 1 2 2 0 0 1 3 1.01 0.99 1.0 
2 0 2 2 1 1 2 0 2 2 0 0 0 2 1 1 1 1 2 2 0 0 1 3 1.01 0.89 1.11 
2 0 2 2 1 2 2 0 2 2 0 0 0 1 1 1 1 1 2 2 0 0 1 3 1.01 0.86 1.14 
1 0 2 1 1 1 1 0 2 2 1 0 0 2 2 2 1 1 2 2 0 0 1 3 0.85 1.19 0.95 
1 0 2 2 1 1 1 0 2 2 1 0 0 2 2 2 1 1 2 2 0 0 1 3 0.85 1.08 1.07 
1 0 2 2 1 1 1 0 2 2 1 0 0 2 2 1 1 1 2 2 0 0 1 3 0.85 1.18 0.97 
1 0 2 2 1 1 1 0 2 2 2 0 0 2 2 1 1 1 2 2 0 0 1 3 0.85 1.02 1.12 
1 0 2 2 1 1 1 0 2 2 2 0 0 2 1 1 1 1 2 2 0 0 1 3 0.85 1.15 1.0 
2 0 2 1 1 1 1 0 2 2 1 0 0 2 2 2 1 1 2 2 0 0 1 3 0.85 1.05 1.1 
2 0 2 1 1 1 1 0 2 1 1 0 0 2 2 2 1 1 2 2 0 0 1 3 0.85 1.16 0.99 
2 0 2 1 1 1 1 0 2 2 1 0 0 2 2 1 1 1 2 2 0 0 1 3 0.85 1.15 0.99 
2 0 2 2 1 1 1 0 2 2 1 0 0 2 2 1 1 1 2 2 0 0 1 3 0.85 1.04 1.11 
2 0 2 2 1 1 1 0 2 2 1 0 0 2 1 1 1 1 2 2 0 0 1 3 0.85 1.16 0.98 
2 0 2 2 1 1 1 0 2 2 2 0 0 1 1 1 1 1 2 2 0 0 1 3 0.85 1.11 1.04 
2 0 2 2 1 1 1 0 2 2 2 0 0 2 1 1 1 1 2 2 0 0 1 3 0.85 1.01 1.14 
1 0 2 2 1 1 2 0 2 2 2 0 0 1 1 1 1 1 2 2 0 0 1 3 0.85 1.14 1.01 
1 0 2 2 1 1 2 0 2 2 2 0 0 2 1 1 1 1 2 2 0 0 1 3 0.85 1.03 1.12 
2 0 2 2 1 1 2 0 2 2 2 0 0 1 1 1 1 1 2 2 0 0 1 3 0.85 0.99 1.16 
1 0 2 2 1 2 2 0 2 2 2 0 0 1 1 1 1 1 2 2 0 0 1 3 0.85 1.0 1.15 
1 1 2 2 1 1 1 0 2 2 1 1 1 2 2 2 0 0 2 2 0 0 0 3 0.82 1.11 1.07 
1 1 2 2 1 1 1 0 2 2 2 1 1 2 1 1 0 0 2 2 0 0 0 3 0.82 1.19 1.0 
1 1 2 2 1 1 1 0 2 2 2 1 1 2 2 1 0 0 2 2 0 0 0 3 0.82 1.06 1.12 
2 1 2 1 1 1 1 0 2 2 1 1 1 2 2 2 0 0 2 2 0 0 0 3 0.82 1.09 1.1 
2 1 2 1 1 1 1 0 2 1 1 1 1 2 2 2 0 0 2 2 0 0 0 3 0.82 1.19 0.99 
2 1 2 1 1 1 1 0 2 2 1 1 1 2 2 1 0 0 2 2 0 0 0 3 0.82 1.19 0.99 
2 1 2 2 1 1 1 0 2 2 1 1 1 2 2 1 0 0 2 2 0 0 0 3 0.82 1.07 1.11 
2 1 2 2 1 1 1 0 2 2 2 1 1 1 1 1 0 0 2 2 0 0 0 3 0.82 1.15 1.04 
2 1 2 2 1 1 1 0 2 2 2 1 1 2 1 1 0 0 2 2 0 0 0 3 0.82 1.04 1.14 
2 2 1 1 2 2 2 0 1 1 1 1 1 2 2 2 0 0 1 1 0 0 0 3 0.82 1.18 1.0 
1 1 2 1 0 1 1 0 2 1 1 1 1 2 2 2 0 0 2 2 0 0 0 3 0.97 1.19 0.85 
1 1 2 1 0 1 1 0 2 2 1 1 1 2 2 1 0 0 2 2 0 0 0 3 0.97 1.18 0.85 
1 1 2 1 0 1 1 0 2 2 1 1 1 2 2 2 0 0 2 2 0 0 0 3 0.97 1.08 0.95 
1 1 2 2 0 1 1 0 2 2 1 1 1 2 1 1 0 0 2 2 0 0 0 3 0.97 1.19 0.84 
1 1 2 2 0 1 1 0 2 2 1 1 1 2 2 1 0 0 2 2 0 0 0 3 0.97 1.07 0.97 
1 1 2 2 0 1 1 0 2 2 1 1 1 2 2 2 0 0 2 2 0 0 0 3 0.97 0.96 1.07 
1 1 2 2 0 1 1 0 2 2 2 1 1 1 1 1 0 0 2 2 0 0 0 3 0.97 1.14 0.89 
1 1 2 2 0 1 1 0 2 2 2 1 1 2 1 1 0 0 2 2 0 0 0 3 0.97 1.04 1.0 
1 1 2 2 0 1 1 0 2 2 2 1 1 2 2 1 0 0 2 2 0 0 0 3 0.97 0.91 1.12 
2 1 2 1 0 1 1 0 2 2 1 1 1 2 2 2 0 0 2 2 0 0 0 3 0.97 0.93 1.1 
2 1 2 1 0 1 1 0 2 1 1 1 1 2 2 2 0 0 2 2 0 0 0 3 0.97 1.04 0.99 
2 1 2 1 0 1 1 0 2 2 1 1 1 2 2 1 0 0 2 2 0 0 0 3 0.97 1.04 0.99 
2 1 2 1 0 1 1 0 2 2 1 1 1 2 1 1 0 0 2 2 0 0 0 3 0.97 1.17 0.87 
2 1 2 2 0 1 1 0 2 2 1 1 1 2 2 1 0 0 2 2 0 0 0 3 0.97 0.92 1.11 
2 1 2 2 0 1 1 0 2 2 1 1 1 1 1 1 0 0 2 2 0 0 0 3 0.97 1.15 0.88 
2 1 2 2 0 1 1 0 2 2 1 1 1 2 1 1 0 0 2 2 0 0 0 3 0.97 1.05 0.98 
2 1 2 2 0 1 1 0 2 2 2 1 1 1 1 1 0 0 2 2 0 0 0 3 0.97 1.0 1.04 
2 1 2 2 0 1 1 0 2 2 2 1 1 2 1 1 0 0 2 2 0 0 0 3 0.97 0.89 1.14 
2 2 1 1 0 2 2 0 1 1 1 1 1 2 2 2 0 0 1 1 0 0 0 3 0.97 1.18 0.85 
1 1 2 1 0 0 1 0 2 1 1 1 1 2 2 2 0 0 2 2 0 0 0 3 1.1 1.05 0.85 
1 1 2 1 0 0 1 0 2 2 1 1 1 2 2 2 0 0 2 2 0 0 0 3 1.1 0.94 0.95 
1 1 2 1 0 0 1 0 2 2 1 1 1 2 2 1 0 0 2 2 0 0 0 3 1.1 1.05 0.85 
1 1 2 2 0 0 1 0 2 2 1 1 1 2 2 2 0 0 2 2 0 0 0 3 1.1 0.82 1.07 
1 1 2 2 0 0 1 0 2 2 1 1 1 2 2 1 0 0 2 2 0 0 0 3 1.1 0.93 0.97 
1 1 2 2 0 0 1 0 2 2 1 1 1 2 1 1 0 0 2 2 0 0 0 3 1.1 1.06 0.84 
1 1 2 2 0 0 1 0 2 2 2 1 1 1 1 1 0 0 2 2 0 0 0 3 1.1 1.0 0.89 
1 1 2 2 0 0 1 0 2 2 2 1 1 2 1 1 0 0 2 2 0 0 0 3 1.1 0.9 1.0 
2 1 2 1 0 0 1 0 2 1 1 1 1 2 2 2 0 0 2 2 0 0 0 3 1.1 0.91 0.99 
2 1 2 1 0 0 1 0 2 2 1 1 1 2 2 1 0 0 2 2 0 0 0 3 1.1 0.9 0.99 
2 1 2 1 0 0 1 0 2 2 1 1 1 2 1 1 0 0 2 2 0 0 0 3 1.1 1.03 0.87 
2 1 2 2 0 0 1 0 2 2 1 1 1 1 1 1 0 0 2 2 0 0 0 3 1.1 1.02 0.88 
2 1 2 2 0 0 1 0 2 2 1 1 1 2 1 1 0 0 2 2 0 0 0 3 1.1 0.91 0.98 
2 1 2 2 0 0 1 0 2 2 2 1 1 1 1 1 0 0 2 2 0 0 0 3 1.1 0.86 1.04 
2 1 1 2 0 0 1 0 1 2 2 2 2 1 1 1 0 0 1 1 0 0 0 3 1.1 1.08 0.81 
1 1 2 1 0 1 1 0 2 2 1 1 1 2 2 0 0 0 2 2 0 0 0 3 1.07 1.08 0.85 
1 1 2 2 0 1 1 0 2 2 1 1 1 2 2 0 0 0 2 2 0 0 0 3 1.07 0.96 0.97 
1 1 2 2 0 1 1 0 2 2 2 1 1 2 2 0 0 0 2 2 0 0 0 3 1.07 0.8 1.12 
2 1 2 2 0 1 1 0 2 2 1 1 1 2 2 0 0 0 2 2 0 0 0 3 1.07 0.82 1.11 
2 1 2 1 0 1 1 0 2 2 1 1 1 2 2 0 0 0 2 2 0 0 0 3 1.07 0.93 0.99 
1 1 2 2 0 1 1 0 2 2 1 1 1 2 0 0 0 0 2 2 0 0 0 3 1.2 0.96 0.84 
1 1 2 2 0 1 1 0 2 2 2 1 1 2 0 0 0 0 2 2 0 0 0 3 1.2 0.8 1.0 
2 1 2 2 0 1 1 0 2 2 1 1 1 2 0 0 0 0 2 2 0 0 0 3 1.2 0.82 0.98 
2 1 2 1 0 1 1 0 2 2 1 1 1 2 0 0 0 0 2 2 0 0 0 3 1.2 0.93 0.87 
1 1 2 1 0 1 1 0 2 1 1 1 0 2 2 2 0 0 2 2 0 0 0 3 1.1 1.05 0.85 
1 1 2 1 0 1 1 0 2 2 1 1 0 2 2 2 0 0 2 2 0 0 0 3 1.1 0.95 0.95 
1 1 2 1 0 1 1 0 2 2 1 1 0 2 2 1 0 0 2 2 0 0 0 3 1.1 1.05 0.85 
1 1 2 2 0 1 1 0 2 2 1 1 0 2 2 2 0 0 2 2 0 0 0 3 1.1 0.83 1.07 
1 1 2 2 0 1 1 0 2 2 1 1 0 2 2 1 0 0 2 2 0 0 0 3 1.1 0.93 0.97 
1 1 2 2 0 1 1 0 2 2 1 1 0 2 1 1 0 0 2 2 0 0 0 3 1.1 1.06 0.84 
1 1 2 2 0 1 1 0 2 2 2 2 0 1 1 1 0 0 2 2 0 0 0 3 1.1 0.85 1.05 
1 1 2 2 0 1 1 0 2 2 2 1 0 1 1 1 0 0 2 2 0 0 0 3 1.1 1.01 0.89 
1 1 2 2 0 1 1 0 2 2 2 1 0 2 1 1 0 0 2 2 0 0 0 3 1.1 0.9 1.0 
2 1 2 1 0 1 1 0 2 1 1 1 0 2 2 2 0 0 2 2 0 0 0 3 1.1 0.91 0.99 
2 1 2 1 0 1 1 0 2 2 1 1 0 2 2 2 0 0 2 2 0 0 0 3 1.1 0.8 1.1 
2 1 2 1 0 1 1 0 2 2 1 1 0 2 2 1 0 0 2 2 0 0 0 3 1.1 0.91 0.99 
2 1 2 1 0 1 1 0 2 2 1 1 0 2 1 1 0 0 2 2 0 0 0 3 1.1 1.03 0.87 
2 1 2 2 0 1 1 0 2 2 1 1 0 1 1 1 0 0 2 2 0 0 0 3 1.1 1.02 0.88 
2 1 2 2 0 1 1 0 2 2 1 1 0 2 1 1 0 0 2 2 0 0 0 3 1.1 0.92 0.98 
2 1 2 2 0 1 1 0 2 2 2 1 0 1 1 1 0 0 2 2 0 0 0 3 1.1 0.86 1.04 
1 1 2 2 1 1 1 0 2 2 1 1 1 2 2 0 0 0 2 2 0 0 0 3 0.92 1.11 0.97 
1 1 2 2 1 1 1 0 2 2 2 1 1 2 2 0 0 0 2 2 0 0 0 3 0.92 0.96 1.12 
2 1 2 2 1 1 1 0 2 2 1 1 1 2 2 0 0 0 2 2 0 0 0 3 0.92 0.97 1.11 
2 1 2 1 1 1 1 0 2 2 1 1 1 2 2 0 0 0 2 2 0 0 0 3 0.92 1.09 0.99 
0 1 2 2 1 1 1 0 2 2 2 1 1 2 2 0 0 0 2 2 0 0 0 3 1.06 0.81 1.12 
0 1 2 2 1 1 1 0 2 2 1 1 1 2 2 0 0 0 2 2 0 0 0 3 1.06 0.97 0.97 
0 1 2 1 1 1 1 0 2 2 1 1 1 2 2 0 0 0 2 2 0 0 0 3 1.06 1.09 0.85 
0 1 2 0 1 1 1 0 2 2 1 1 1 2 2 0 0 0 2 2 0 0 0 3 1.18 0.97 0.85 
0 1 2 2 1 1 1 0 2 2 2 1 1 2 0 0 0 0 2 2 0 0 0 3 1.19 0.81 1.0 
0 1 2 2 1 1 1 0 2 2 1 1 1 2 0 0 0 0 2 2 0 0 0 3 1.19 0.97 0.84 
0 2 1 1 2 2 2 0 1 1 2 2 0 1 1 0 0 0 1 1 0 0 0 3 1.2 0.97 0.84 
0 2 1 2 2 2 2 0 1 1 2 2 0 1 1 0 0 0 1 1 0 0 0 3 1.2 0.85 0.95 
1 1 2 2 1 1 1 0 2 2 2 1 1 0 0 0 0 0 2 2 0 0 0 3 1.15 0.96 0.89 
2 1 2 2 1 1 1 0 2 2 2 1 1 0 0 0 0 0 2 2 0 0 0 3 1.15 0.81 1.04 
2 1 2 2 1 1 1 0 2 2 1 1 1 0 0 0 0 0 2 2 0 0 0 3 1.15 0.97 0.88 
1 1 2 2 1 1 1 0 2 2 1 1 1 2 0 0 0 0 2 2 0 0 0 3 1.05 1.11 0.84 
1 1 2 2 1 1 1 0 2 2 2 1 1 2 0 0 0 0 2 2 0 0 0 3 1.05 0.96 1.0 
2 1 2 2 1 1 1 0 2 2 2 1 1 2 0 0 0 0 2 2 0 0 0 3 1.05 0.81 1.14 
2 1 2 2 1 1 1 0 2 2 1 1 1 2 0 0 0 0 2 2 0 0 0 3 1.05 0.97 0.98 
2 1 2 1 1 1 1 0 2 2 1 1 1 2 0 0 0 0 2 2 0 0 0 3 1.05 1.09 0.87 
1 2 1 1 2 2 2 0 1 1 2 2 0 1 0 0 0 0 1 1 0 0 0 3 1.18 0.98 0.84 
1 2 1 2 2 2 2 0 1 1 2 2 0 1 0 0 0 0 1 1 0 0 0 3 1.18 0.87 0.95 
2 2 1 1 2 2 2 0 1 1 1 2 0 1 0 0 0 0 1 1 0 0 0 3 1.18 1.0 0.82 
2 2 1 1 2 2 2 0 1 1 2 2 0 1 0 0 0 0 1 1 0 0 0 3 1.18 0.84 0.98 
1 2 1 1 2 2 2 0 1 1 2 2 0 1 1 0 0 0 1 1 0 0 0 3 1.05 1.11 0.84 
1 2 1 2 2 2 2 0 1 1 2 2 0 1 1 0 0 0 1 1 0 0 0 3 1.05 0.99 0.95 
2 2 1 1 2 2 2 0 1 1 1 2 0 1 1 0 0 0 1 1 0 0 0 3 1.05 1.12 0.82 
2 2 1 1 2 2 2 0 1 1 2 2 0 1 1 0 0 0 1 1 0 0 0 3 1.05 0.97 0.98 
2 2 1 2 2 2 2 0 1 1 2 2 0 1 1 0 0 0 1 1 0 0 0 3 1.05 0.85 1.1 
1 2 1 1 2 2 2 0 1 1 2 0 0 2 2 2 0 0 1 1 0 0 0 3 1.1 0.88 1.02 
1 2 1 1 2 2 2 0 1 1 1 0 0 2 2 2 0 0 1 1 0 0 0 3 1.1 1.04 0.86 
1 2 1 1 2 2 2 0 1 1 2 0 0 1 2 2 0 0 1 1 0 0 0 3 1.1 0.98 0.91 
1 2 1 2 2 2 2 0 1 1 2 0 0 1 2 2 0 0 1 1 0 0 0 3 1.1 0.87 1.03 
1 2 1 2 2 2 2 0 1 1 2 0 0 1 1 2 0 0 1 1 0 0 0 3 1.1 0.99 0.9 
2 2 1 1 2 2 2 0 1 1 1 0 0 2 2 2 0 0 1 1 0 0 0 3 1.1 0.89 1.0 
2 2 1 1 2 2 2 0 1 1 1 0 0 1 2 2 0 0 1 1 0 0 0 3 1.1 1.0 0.9 
2 2 1 1 2 2 2 0 1 1 2 0 0 1 2 2 0 0 1 1 0 0 0 3 1.1 0.84 1.06 
2 2 1 1 2 2 2 0 1 1 2 0 0 1 1 2 0 0 1 1 0 0 0 3 1.1 0.97 0.93 
2 2 1 1 2 2 2 0 1 1 2 0 0 1 1 1 0 0 1 1 0 0 0 3 1.1 1.07 0.83 
2 2 1 2 2 2 2 0 1 1 2 0 0 1 1 2 0 0 1 1 0 0 0 3 1.1 0.85 1.05 
2 2 1 2 2 2 2 0 1 1 2 0 0 1 1 1 0 0 1 1 0 0 0 3 1.1 0.95 0.94 
2 2 1 2 2 2 2 0 1 2 2 0 0 1 1 1 0 0 1 1 0 0 0 3 1.1 0.85 1.05 
1 2 1 2 2 2 2 0 1 2 2 0 0 1 1 1 0 0 1 1 0 0 0 3 1.1 0.99 0.91 
1 2 1 1 2 2 2 0 1 1 2 2 0 2 2 2 0 0 1 1 0 0 0 3 0.95 0.88 1.17 
1 2 1 1 2 2 2 0 1 1 1 2 0 2 2 2 0 0 1 1 0 0 0 3 0.95 1.04 1.02 
1 2 1 1 2 2 2 0 1 1 1 1 0 2 2 2 0 0 1 1 0 0 0 3 0.95 1.19 0.86 
1 2 1 1 2 2 2 0 1 1 1 2 0 1 2 2 0 0 1 1 0 0 0 3 0.95 1.14 0.91 
1 2 1 1 2 2 2 0 1 1 2 2 0 1 2 2 0 0 1 1 0 0 0 3 0.95 0.98 1.07 
1 2 1 1 2 2 2 0 1 1 2 2 0 1 1 2 0 0 1 1 0 0 0 3 0.95 1.11 0.94 
1 2 1 2 2 2 2 0 1 1 2 2 0 1 1 1 0 0 1 1 0 0 0 3 0.95 1.1 0.95 
1 2 1 2 2 2 2 0 1 1 2 2 0 1 2 2 0 0 1 1 0 0 0 3 0.95 0.87 1.18 
1 2 1 2 2 2 2 0 1 1 2 2 0 1 1 2 0 0 1 1 0 0 0 3 0.95 0.99 1.06 
2 2 1 1 2 2 2 0 1 1 1 2 0 2 2 2 0 0 1 1 0 0 0 3 0.95 0.89 1.16 
2 2 1 1 2 2 2 0 1 1 1 1 0 2 2 2 0 0 1 1 0 0 0 3 0.95 1.05 1.0 
2 2 1 1 2 2 2 0 1 1 1 1 0 1 2 2 0 0 1 1 0 0 0 3 0.95 1.15 0.9 
2 2 1 1 2 2 2 0 1 1 1 2 0 1 2 2 0 0 1 1 0 0 0 3 0.95 1.0 1.05 
2 2 1 1 2 2 2 0 1 1 1 2 0 1 1 2 0 0 1 1 0 0 0 3 0.95 1.12 0.93 
2 2 1 1 2 2 2 0 1 1 2 2 0 1 1 2 0 0 1 1 0 0 0 3 0.95 0.97 1.08 
2 2 1 1 2 2 2 0 1 1 2 2 0 1 1 1 0 0 1 1 0 0 0 3 0.95 1.07 0.98 
2 2 1 2 2 2 2 0 1 1 2 2 0 1 1 1 0 0 1 1 0 0 0 3 0.95 0.95 1.1 
1 2 1 2 2 2 2 0 1 2 2 2 0 1 1 1 0 0 1 1 0 0 0 3 0.95 0.99 1.06 
1 1 2 1 1 1 1 0 2 2 0 0 0 2 2 2 0 1 2 2 0 0 0 3 1.15 0.89 0.95 
1 1 2 1 1 1 1 0 2 2 0 0 0 2 2 1 0 1 2 2 0 0 0 3 1.15 1.0 0.85 
1 1 2 1 1 1 1 0 2 1 0 0 0 2 2 2 0 1 2 2 0 0 0 3 1.15 1.0 0.85 
1 1 2 1 1 1 1 0 2 1 0 0 0 2 2 2 0 2 2 2 0 0 0 3 1.15 0.89 0.95 
1 2 1 1 2 2 1 0 1 1 0 0 0 2 2 2 0 2 1 1 0 0 0 3 1.15 1.0 0.85 
1 2 1 1 2 2 2 0 1 1 0 0 0 1 2 2 0 2 1 1 0 0 0 3 1.15 0.98 0.86 
1 2 1 1 2 2 2 0 1 1 0 0 0 2 2 2 0 2 1 1 0 0 0 3 1.15 0.88 0.97 
2 2 1 1 2 2 2 0 1 1 0 0 0 1 1 2 0 2 1 1 0 0 0 3 1.15 0.97 0.88 
2 2 1 1 2 2 2 0 1 1 0 0 0 1 2 2 0 2 1 1 0 0 0 3 1.15 0.84 1.01 
1 2 1 1 2 2 2 0 1 1 2 0 0 2 2 2 0 2 1 1 0 0 0 3 1.0 0.88 1.12 
1 2 1 1 2 2 2 0 1 1 1 0 0 2 2 2 0 2 1 1 0 0 0 3 1.0 1.04 0.97 
1 2 1 1 2 2 1 0 1 1 1 0 0 2 2 2 0 2 1 1 0 0 0 3 1.0 1.16 0.85 
1 2 1 1 2 2 2 0 1 1 1 0 0 1 2 2 0 2 1 1 0 0 0 3 1.0 1.14 0.86 
1 2 1 1 2 2 2 0 1 1 2 0 0 1 2 2 0 2 1 1 0 0 0 3 1.0 0.98 1.02 
1 2 1 1 2 2 2 0 1 1 2 0 0 1 1 2 0 2 1 1 0 0 0 3 1.0 1.11 0.89 
1 2 1 2 2 2 2 0 1 1 2 0 0 1 1 1 0 2 1 1 0 0 0 3 1.0 1.1 0.91 
1 2 1 2 2 2 2 0 1 1 2 0 0 1 2 2 0 2 1 1 0 0 0 3 1.0 0.87 1.14 
1 2 1 2 2 2 2 0 1 1 2 0 0 1 1 2 0 2 1 1 0 0 0 3 1.0 0.99 1.01 
2 2 1 1 2 2 2 0 1 1 1 0 0 2 2 2 0 2 1 1 0 0 0 3 1.0 0.89 1.11 
2 2 1 1 2 2 1 0 1 1 1 0 0 2 2 2 0 2 1 1 0 0 0 3 1.0 1.01 0.99 
2 1 1 1 2 2 1 0 1 1 1 0 0 2 2 2 0 2 1 1 0 0 0 3 1.0 1.13 0.88 
2 2 1 1 1 2 1 0 1 1 1 0 0 2 2 2 0 2 1 1 0 0 0 3 1.0 1.16 0.84 
2 2 1 1 2 1 1 0 1 1 1 0 0 2 2 2 0 2 1 1 0 0 0 3 1.0 1.15 0.85 
2 2 1 1 2 2 1 0 1 1 1 0 0 1 2 2 0 2 1 1 0 0 0 3 1.0 1.12 0.89 
2 2 1 1 2 2 2 0 1 1 1 0 0 1 2 2 0 2 1 1 0 0 0 3 1.0 1.0 1.01 
2 2 1 1 2 2 2 0 1 1 1 0 0 1 1 2 0 2 1 1 0 0 0 3 1.0 1.12 0.88 
2 2 1 1 2 2 2 0 1 1 2 0 0 1 2 2 0 2 1 1 0 0 0 3 1.0 0.84 1.16 
2 2 1 1 2 2 2 0 1 1 2 0 0 1 1 2 0 2 1 1 0 0 0 3 1.0 0.97 1.04 
2 2 1 1 2 2 2 0 1 1 2 0 0 1 1 1 0 2 1 1 0 0 0 3 1.0 1.07 0.93 
2 2 1 1 2 2 2 0 1 1 2 0 0 1 1 1 0 1 1 1 0 0 0 3 1.0 1.18 0.83 
2 2 1 2 2 2 2 0 1 1 2 0 0 1 1 2 0 2 1 1 0 0 0 3 1.0 0.85 1.15 
2 2 1 2 2 2 2 0 1 1 2 0 0 1 1 1 0 2 1 1 0 0 0 3 1.0 0.95 1.05 
2 2 1 2 2 2 2 0 1 1 2 0 0 1 1 1 0 1 1 1 0 0 0 3 1.0 1.06 0.94 
2 1 1 2 2 2 2 0 1 1 2 0 0 1 1 1 0 1 1 1 0 0 0 3 1.0 1.18 0.83 
2 2 1 2 2 2 2 0 1 2 2 0 0 1 1 1 0 2 1 1 0 0 0 3 1.0 0.85 1.16 
1 2 1 2 2 2 2 0 1 2 2 0 0 1 1 1 0 2 1 1 0 0 0 3 1.0 0.99 1.01 
1 2 1 2 2 2 2 0 1 2 2 0 0 1 1 1 0 1 1 1 0 0 0 3 1.0 1.1 0.91 
2 2 1 2 2 2 2 0 1 2 2 0 0 1 1 1 0 1 1 1 0 0 0 3 1.0 0.95 1.05 
2 1 1 2 2 2 2 0 1 2 2 0 0 1 1 1 0 1 1 1 0 0 0 3 1.0 1.07 0.94 
2 2 1 2 1 2 2 0 1 2 2 0 0 1 1 1 0 1 1 1 0 0 0 3 1.0 1.11 0.9 
1 2 1 1 2 2 2 0 1 1 1 2 0 2 2 2 0 2 1 1 0 0 0 3 0.84 1.04 1.12 
1 2 1 1 2 2 2 0 1 1 1 1 0 2 2 2 0 2 1 1 0 0 0 3 0.84 1.19 0.97 
1 2 1 1 2 2 2 0 1 1 1 2 0 1 2 2 0 2 1 1 0 0 0 3 0.84 1.14 1.02 
1 2 1 1 2 2 2 0 1 1 2 2 0 1 2 2 0 2 1 1 0 0 0 3 0.84 0.98 1.17 
1 2 1 1 2 2 2 0 1 1 2 2 0 1 1 2 0 2 1 1 0 0 0 3 0.84 1.11 1.05 
1 2 1 2 2 2 2 0 1 1 2 2 0 1 1 1 0 2 1 1 0 0 0 3 0.84 1.1 1.06 
1 2 1 2 2 2 2 0 1 1 2 2 0 1 1 2 0 2 1 1 0 0 0 3 0.84 0.99 1.16 
2 2 1 1 2 2 1 0 1 1 1 1 0 2 2 2 0 2 1 1 0 0 0 3 0.84 1.17 0.99 
2 2 1 1 2 2 2 0 1 1 1 1 0 2 2 2 0 2 1 1 0 0 0 3 0.84 1.05 1.11 
2 2 1 1 2 2 2 0 1 1 1 1 0 1 2 2 0 2 1 1 0 0 0 3 0.84 1.15 1.01 
2 2 1 1 2 2 2 0 1 1 1 2 0 1 2 2 0 2 1 1 0 0 0 3 0.84 1.0 1.16 
2 2 1 1 2 2 2 0 1 1 1 2 0 1 1 2 0 2 1 1 0 0 0 3 0.84 1.12 1.03 
2 2 1 1 2 2 2 0 1 1 2 2 0 1 1 2 0 2 1 1 0 0 0 3 0.84 0.97 1.19 
2 2 1 1 2 2 2 0 1 1 2 2 0 1 1 1 0 2 1 1 0 0 0 3 0.84 1.07 1.09 
2 2 1 1 2 2 2 0 1 1 2 2 0 1 1 1 0 1 1 1 0 0 0 3 0.84 1.18 0.98 
2 2 1 2 2 2 2 0 1 1 2 2 0 1 1 1 0 1 1 1 0 0 0 3 0.84 1.06 1.1 
2 1 1 2 2 2 2 0 1 1 2 2 0 1 1 1 0 1 1 1 0 0 0 3 0.84 1.18 0.98 
1 2 1 2 2 2 2 0 1 2 2 2 0 1 1 1 0 2 1 1 0 0 0 3 0.84 0.99 1.17 
1 2 1 2 2 2 2 0 1 2 2 2 0 1 1 1 0 1 1 1 0 0 0 3 0.84 1.1 1.06 
2 1 1 2 2 2 2 0 1 2 2 2 0 1 1 1 0 1 1 1 0 0 0 3 0.84 1.07 1.09 
2 2 1 2 1 2 2 0 1 2 2 2 0 1 1 1 0 1 1 1 0 0 0 3 0.84 1.11 1.05 
0 2 1 1 2 2 2 0 1 1 0 0 0 1 1 2 2 2 1 1 0 0 0 3 1.15 0.97 0.88 
0 2 1 1 2 2 2 0 1 1 0 0 0 1 2 2 2 2 1 1 0 0 0 3 1.15 0.84 1.01 
1 2 1 0 2 2 1 0 1 1 0 0 0 2 2 2 2 2 1 1 0 0 0 3 1.12 0.88 0.99 
1 1 1 0 2 2 1 0 1 1 0 0 0 2 2 2 2 2 1 1 0 0 0 3 1.12 1.0 0.88 
1 2 1 0 1 2 1 0 1 1 0 0 0 2 2 2 2 2 1 1 0 0 0 3 1.12 1.03 0.84 
1 2 1 0 2 1 1 0 1 1 0 0 0 2 2 2 2 2 1 1 0 0 0 3 1.12 1.02 0.86 
1 2 1 0 2 2 1 0 1 1 0 0 0 1 2 2 2 2 1 1 0 0 0 3 1.12 0.99 0.89 
1 2 1 0 2 2 2 0 1 1 0 0 0 1 2 2 2 2 1 1 0 0 0 3 1.12 0.87 1.01 
1 2 1 0 2 2 2 0 1 1 0 0 0 1 1 2 2 2 1 1 0 0 0 3 1.12 0.99 0.88 
2 2 1 0 2 2 2 0 1 1 0 0 0 1 1 2 2 2 1 1 0 0 0 3 1.12 0.85 1.03 
2 2 1 0 2 2 2 0 1 1 0 0 0 1 1 1 2 2 1 1 0 0 0 3 1.12 0.95 0.92 
2 2 1 0 2 2 2 0 1 1 0 0 0 1 1 1 2 1 1 1 0 0 0 3 1.12 1.06 0.82 
2 2 1 0 2 2 2 0 1 2 0 0 0 1 1 1 2 2 1 1 0 0 0 3 1.12 0.85 1.03 
2 2 1 0 2 2 2 0 1 2 0 0 0 1 1 1 2 1 1 1 0 0 0 3 1.12 0.95 0.92 
1 1 2 1 1 1 1 0 2 2 0 0 0 2 2 1 1 1 2 2 0 0 0 3 1.01 1.14 0.85 
1 1 2 1 1 1 1 0 2 2 0 0 0 2 2 2 1 1 2 2 0 0 0 3 1.01 1.04 0.95 
1 1 2 1 1 1 1 0 2 1 0 0 0 2 2 2 1 1 2 2 0 0 0 3 1.01 1.15 0.85 
1 1 2 1 1 1 1 0 2 2 0 0 0 2 2 2 1 2 2 2 0 0 0 3 1.01 0.93 1.06 
1 1 2 1 1 1 1 0 2 1 0 0 0 2 2 2 1 2 2 2 0 0 0 3 1.01 1.04 0.95 
1 1 2 1 1 1 1 0 2 1 0 0 0 2 2 2 2 2 2 2 0 0 0 3 1.01 0.89 1.1 
1 1 2 1 2 1 1 0 2 1 0 0 0 2 2 2 1 2 2 2 0 0 0 3 1.01 0.89 1.11 
1 1 1 1 2 2 1 0 1 1 0 0 0 2 2 2 2 2 1 1 0 0 0 3 1.01 1.12 0.88 
1 2 1 1 1 2 1 0 1 1 0 0 0 2 2 2 2 2 1 1 0 0 0 3 1.01 1.15 0.84 
1 2 1 1 2 1 1 0 1 1 0 0 0 2 2 2 2 2 1 1 0 0 0 3 1.01 1.14 0.86 
1 2 1 1 2 2 1 0 1 1 0 0 0 1 2 2 2 2 1 1 0 0 0 3 1.01 1.11 0.89 
1 2 1 1 2 2 1 0 1 1 0 0 0 2 2 2 2 2 1 1 0 0 0 3 1.01 1.0 0.99 
1 2 1 1 2 2 2 0 1 1 0 0 0 1 1 2 2 2 1 1 0 0 0 3 1.01 1.11 0.88 
1 2 1 1 2 2 2 0 1 1 0 0 0 1 2 2 2 2 1 1 0 0 0 3 1.01 0.98 1.01 
1 2 1 1 2 2 2 0 1 1 0 0 0 2 2 2 2 2 1 1 0 0 0 3 1.01 0.88 1.12 
2 2 1 1 2 2 2 0 1 1 0 0 0 1 1 1 2 1 1 1 0 0 0 3 1.01 1.18 0.82 
2 2 1 1 2 2 2 0 1 1 0 0 0 1 1 1 2 2 1 1 0 0 0 3 1.01 1.07 0.92 
2 2 1 1 2 2 2 0 1 1 0 0 0 1 1 2 2 2 1 1 0 0 0 3 1.01 0.97 1.03 
2 2 1 1 2 2 2 0 1 1 0 0 0 1 2 2 2 2 1 1 0 0 0 3 1.01 0.84 1.15 
1 2 1 1 2 2 2 0 1 1 1 0 0 2 2 2 2 2 1 1 0 0 0 3 0.85 1.04 1.12 
1 2 1 1 2 2 1 0 1 1 1 0 0 2 2 2 2 2 1 1 0 0 0 3 0.85 1.16 0.99 
1 2 1 1 2 2 2 0 1 1 1 0 0 1 2 2 2 2 1 1 0 0 0 3 0.85 1.14 1.01 
1 2 1 1 2 2 2 0 1 1 2 0 0 1 2 2 2 2 1 1 0 0 0 3 0.85 0.98 1.17 
1 2 1 1 2 2 2 0 1 1 2 0 0 1 1 2 2 2 1 1 0 0 0 3 0.85 1.11 1.04 
1 2 1 2 2 2 2 0 1 1 2 0 0 1 1 1 2 2 1 1 0 0 0 3 0.85 1.1 1.05 
1 2 1 2 2 2 2 0 1 1 2 0 0 1 1 2 2 2 1 1 0 0 0 3 0.85 0.99 1.16 
2 2 1 1 2 2 1 0 1 1 1 0 0 2 2 2 2 2 1 1 0 0 0 3 0.85 1.01 1.14 
2 1 1 1 2 2 1 0 1 1 1 0 0 2 2 2 2 2 1 1 0 0 0 3 0.85 1.13 1.02 
2 2 1 1 1 2 1 0 1 1 1 0 0 2 2 2 2 2 1 1 0 0 0 3 0.85 1.16 0.99 
2 2 1 1 2 1 1 0 1 1 1 0 0 2 2 2 2 2 1 1 0 0 0 3 0.85 1.15 1.0 
2 2 1 1 2 2 1 0 1 1 1 0 0 1 2 2 2 2 1 1 0 0 0 3 0.85 1.12 1.03 
2 2 1 1 2 2 2 0 1 1 1 0 0 1 2 2 2 2 1 1 0 0 0 3 0.85 1.0 1.15 
2 2 1 1 2 2 2 0 1 1 1 0 0 1 1 2 2 2 1 1 0 0 0 3 0.85 1.12 1.03 
2 2 1 1 2 2 2 0 1 1 2 0 0 1 1 2 2 2 1 1 0 0 0 3 0.85 0.97 1.18 
2 2 1 1 2 2 2 0 1 1 2 0 0 1 1 1 2 2 1 1 0 0 0 3 0.85 1.07 1.08 
2 2 1 1 2 2 2 0 1 1 2 0 0 1 1 1 2 1 1 1 0 0 0 3 0.85 1.18 0.97 
2 2 1 2 2 2 2 0 1 1 2 0 0 1 1 1 2 2 1 1 0 0 0 3 0.85 0.95 1.2 
2 2 1 2 2 2 2 0 1 1 2 0 0 1 1 1 2 1 1 1 0 0 0 3 0.85 1.06 1.09 
1 2 1 2 2 2 2 0 1 2 2 0 0 1 1 1 2 2 1 1 0 0 0 3 0.85 0.99 1.16 
1 2 1 2 2 2 2 0 1 2 2 0 0 1 1 1 2 1 1 1 0 0 0 3 0.85 1.1 1.05 
2 2 1 2 2 2 2 0 1 2 2 0 0 1 1 1 2 1 1 1 0 0 0 3 0.85 0.95 1.2 
2 2 1 2 1 2 2 0 1 2 2 0 0 1 1 1 2 1 1 1 0 0 0 3 0.85 1.11 1.05 
2 2 1 2 2 2 2 0 1 2 2 0 0 1 1 1 1 1 1 1 0 0 0 3 0.85 1.1 1.05 
0 2 1 0 2 2 2 0 1 1 0 0 0 1 1 2 2 2 1 1 0 0 2 3 1.15 0.85 1.0 
0 2 1 0 2 2 2 0 1 1 0 0 0 1 1 1 2 2 1 1 0 0 2 3 1.15 0.95 0.89 
0 2 1 1 2 2 2 0 1 1 0 0 0 1 1 0 2 2 1 1 0 0 2 3 1.14 0.97 0.89 
0 2 1 1 2 2 2 0 1 1 0 0 0 1 1 1 2 2 1 1 0 0 2 3 1.04 1.07 0.89 
0 2 1 1 2 2 2 0 1 1 0 0 0 1 1 2 2 2 1 1 0 0 2 3 1.04 0.97 1.0 
0 2 1 1 2 2 2 0 1 1 0 0 0 1 2 2 2 2 1 1 0 0 2 3 1.04 0.84 1.12 
1 1 2 0 1 1 1 0 2 0 0 0 0 2 2 2 1 1 2 2 0 0 1 3 1.12 1.04 0.85 
1 1 2 0 1 1 1 0 2 0 0 0 0 2 2 2 1 2 2 2 0 0 1 3 1.12 0.93 0.95 
1 2 1 0 2 2 2 0 1 0 0 0 0 1 1 1 2 2 1 1 0 0 2 3 1.12 0.99 0.89 
1 2 1 0 2 2 1 0 1 1 0 0 0 2 2 2 2 2 1 1 0 0 2 3 1.01 0.88 1.11 
1 1 1 0 2 2 1 0 1 1 0 0 0 2 2 2 2 2 1 1 0 0 2 3 1.01 1.0 0.99 
1 1 1 0 2 1 1 0 1 1 0 0 0 2 2 2 2 2 1 1 0 0 2 3 1.01 1.13 0.86 
1 1 1 0 2 2 1 0 1 1 0 0 0 2 2 2 2 2 1 1 0 0 1 3 1.01 1.11 0.88 
1 1 1 0 2 2 1 0 1 1 0 0 0 1 2 2 2 2 1 1 0 0 2 3 1.01 1.1 0.89 
1 2 1 0 1 2 1 0 1 1 0 0 0 2 2 2 2 2 1 1 0 0 2 3 1.01 1.03 0.96 
1 2 1 0 1 1 1 0 1 1 0 0 0 2 2 2 2 2 1 1 0 0 2 3 1.01 1.17 0.82 
1 2 1 0 1 2 1 0 1 1 0 0 0 1 2 2 2 2 1 1 0 0 2 3 1.01 1.14 0.85 
1 2 1 0 2 1 1 0 1 1 0 0 0 2 2 2 2 2 1 1 0 0 2 3 1.01 1.02 0.97 
1 2 1 0 2 1 1 0 1 1 0 0 0 1 2 2 2 2 1 1 0 0 2 3 1.01 1.12 0.87 
1 2 1 0 2 2 1 0 1 1 0 0 0 1 2 2 2 2 1 1 0 0 2 3 1.01 0.99 1.0 
1 2 1 0 2 2 1 0 1 1 0 0 0 1 1 2 2 2 1 1 0 0 2 3 1.01 1.11 0.88 
1 2 1 0 2 2 2 0 1 1 0 0 0 1 1 1 2 2 1 1 0 0 2 3 1.01 1.1 0.89 
1 2 1 0 2 2 2 0 1 1 0 0 0 1 2 2 2 2 1 1 0 0 2 3 1.01 0.87 1.12 
1 2 1 0 2 2 2 0 1 1 0 0 0 1 1 2 2 2 1 1 0 0 2 3 1.01 0.99 1.0 
2 2 1 0 2 2 2 0 1 1 0 0 0 1 1 2 2 2 1 1 0 0 2 3 1.01 0.85 1.14 
2 2 1 0 2 2 2 0 1 1 0 0 0 1 1 1 2 2 1 1 0 0 2 3 1.01 0.95 1.04 
2 2 1 0 2 2 2 0 1 1 0 0 0 1 1 1 2 1 1 1 0 0 2 3 1.01 1.06 0.93 
2 2 1 0 2 2 2 0 1 2 0 0 0 1 1 1 2 2 1 1 0 0 2 3 1.01 0.85 1.14 
2 2 1 0 2 2 2 0 1 2 0 0 0 1 1 1 2 1 1 1 0 0 2 3 1.01 0.95 1.04 
2 2 1 0 1 2 2 0 1 2 0 0 0 1 1 1 2 1 1 1 0 0 2 3 1.01 1.11 0.89 
2 2 1 0 2 2 2 0 1 2 0 0 0 1 1 1 1 1 1 1 0 0 2 3 1.01 1.1 0.89 
1 1 2 1 1 1 1 0 2 2 0 0 0 2 2 2 1 1 2 2 0 0 1 3 0.89 1.15 0.95 
1 1 2 1 1 1 1 0 2 2 0 0 0 2 2 2 1 2 2 2 0 0 1 3 0.89 1.05 1.06 
1 1 2 1 1 1 1 0 2 1 0 0 0 2 2 2 1 2 2 2 0 0 1 3 0.89 1.15 0.95 
1 1 2 1 1 1 1 0 2 1 0 0 0 2 2 2 2 2 2 2 0 0 1 3 0.89 1.01 1.1 
1 1 2 1 2 1 1 0 2 1 0 0 0 2 2 2 1 2 2 2 0 0 1 3 0.89 1.0 1.11 
1 1 1 1 2 2 1 0 1 1 0 0 0 2 2 2 2 2 1 1 0 0 2 3 0.89 1.12 0.99 
1 2 1 1 1 2 1 0 1 1 0 0 0 2 2 2 2 2 1 1 0 0 2 3 0.89 1.15 0.96 
1 2 1 1 2 1 1 0 1 1 0 0 0 2 2 2 2 2 1 1 0 0 2 3 0.89 1.14 0.97 
1 2 1 1 2 2 1 0 1 1 0 0 0 1 2 2 2 2 1 1 0 0 2 3 0.89 1.11 1.0 
1 2 1 1 2 2 1 0 1 1 0 0 0 2 2 2 2 2 1 1 0 0 2 3 0.89 1.0 1.11 
1 2 1 1 2 2 2 0 1 1 0 0 0 1 1 2 2 2 1 1 0 0 2 3 0.89 1.11 1.0 
1 2 1 1 2 2 2 0 1 1 0 0 0 1 2 2 2 2 1 1 0 0 2 3 0.89 0.98 1.12 
2 2 1 1 2 2 2 0 1 1 0 0 0 1 1 1 2 1 1 1 0 0 2 3 0.89 1.18 0.93 
2 2 1 1 2 2 2 0 1 1 0 0 0 1 1 1 2 2 1 1 0 0 2 3 0.89 1.07 1.04 
2 2 1 1 2 2 2 0 1 1 0 0 0 1 1 2 2 2 1 1 0 0 2 3 0.89 0.97 1.14 
0 2 1 0 2 2 1 2 1 0 0 0 0 1 1 1 2 1 1 1 0 0 2 3 1.12 1.07 0.81 
0 2 1 0 2 2 1 2 1 0 0 0 0 1 1 1 2 2 1 1 0 0 2 3 1.12 0.97 0.91 
0 1 1 0 2 2 2 2 1 0 0 0 0 1 1 1 2 1 1 1 0 0 2 3 1.12 1.07 0.81 
0 2 1 0 2 2 2 2 1 0 0 0 0 1 1 1 2 1 1 1 0 0 2 3 1.12 0.95 0.93 
0 2 1 0 2 2 2 2 1 0 0 0 0 1 1 1 2 2 1 1 0 0 2 3 1.12 0.85 1.04 
0 2 1 0 2 2 2 2 1 1 0 0 0 1 1 0 2 2 1 1 0 0 2 3 1.11 0.85 1.04 
0 2 1 0 2 2 2 2 1 1 0 0 0 1 1 2 2 2 1 1 0 0 2 3 1.01 0.85 1.14 
0 2 1 0 2 2 2 2 1 1 0 0 0 1 1 1 2 2 1 1 0 0 2 3 1.01 0.95 1.04 
0 2 1 0 2 2 1 2 1 1 0 0 0 1 1 1 2 2 1 1 0 0 2 3 1.01 1.08 0.91 
0 2 1 0 2 2 1 2 1 1 0 0 0 1 1 1 2 1 1 1 0 0 2 3 1.01 1.18 0.81 
0 2 1 0 2 2 2 2 1 1 0 0 0 1 1 1 2 1 1 1 0 0 2 3 1.01 1.06 0.93 
0 1 1 0 2 2 2 2 1 1 0 0 0 1 1 1 2 1 1 1 0 0 2 3 1.01 1.18 0.81 
0 2 1 1 2 2 2 2 1 1 0 0 0 1 0 0 2 2 1 1 0 0 2 3 1.12 0.84 1.04 
0 2 1 1 2 2 2 2 1 1 0 0 0 1 1 0 2 0 1 1 0 0 2 3 1.1 0.97 0.93 
0 2 1 1 2 2 2 2 1 1 0 0 0 1 1 0 2 2 1 1 0 0 2 3 1.0 0.97 1.04 
0 2 1 1 2 2 1 2 1 1 0 0 0 1 1 1 2 2 1 1 0 0 2 3 0.89 1.19 0.91 
0 2 1 1 2 2 2 2 1 1 0 0 0 1 1 1 2 1 1 1 0 0 2 3 0.89 1.18 0.93 
0 2 1 1 2 2 2 2 1 1 0 0 0 1 1 1 2 2 1 1 0 0 2 3 0.89 1.07 1.04 
0 2 1 1 2 2 2 2 1 1 0 0 0 1 1 2 2 2 1 1 0 0 2 3 0.89 0.97 1.14 
1 1 2 0 1 1 1 1 2 0 0 0 0 2 2 2 1 1 2 2 0 0 1 3 0.97 1.18 0.85 
1 1 2 0 1 1 1 1 2 0 0 0 0 2 2 2 2 2 2 2 0 0 1 3 0.97 0.93 1.1 
1 1 2 0 1 1 1 1 2 0 0 0 0 2 2 2 1 2 2 2 0 0 1 3 0.97 1.07 0.95 
1 1 2 0 2 1 1 1 2 0 0 0 0 2 2 2 1 2 2 2 0 0 1 3 0.97 0.92 1.11 
1 2 2 0 1 1 1 1 2 0 0 0 0 2 2 2 1 2 2 2 0 0 1 3 0.97 0.96 1.07 
1 2 1 0 2 2 1 2 1 0 0 0 0 1 1 1 2 2 1 1 0 0 2 3 0.97 1.11 0.91 
1 2 1 0 2 2 2 2 1 0 0 0 0 1 1 1 2 2 1 1 0 0 2 3 0.97 0.99 1.04 
1 2 1 0 2 2 2 2 1 0 0 0 0 1 1 1 2 1 1 1 0 0 2 3 0.97 1.1 0.93 
1 1 1 0 2 2 1 2 1 1 0 0 0 2 2 2 2 2 1 1 0 0 2 3 0.87 1.0 1.14 
1 1 1 0 2 1 1 2 1 1 0 0 0 2 2 2 2 2 1 1 0 0 2 3 0.87 1.13 1.0 
1 1 1 0 2 2 1 1 1 1 0 0 0 2 2 2 2 2 1 1 0 0 2 3 0.87 1.14 0.99 
1 1 1 0 2 2 1 2 1 1 0 0 0 1 2 2 2 2 1 1 0 0 2 3 0.87 1.1 1.03 
1 2 1 0 1 2 1 2 1 1 0 0 0 2 2 2 2 2 1 1 0 0 2 3 0.87 1.03 1.1 
1 2 1 0 1 1 1 2 1 1 0 0 0 2 2 2 2 2 1 1 0 0 2 3 0.87 1.17 0.96 
1 2 1 0 1 2 1 1 1 1 0 0 0 2 2 2 2 2 1 1 0 0 2 3 0.87 1.18 0.96 
1 2 1 0 1 2 1 2 1 1 0 0 0 1 2 2 2 2 1 1 0 0 2 3 0.87 1.14 0.99 
1 2 1 0 2 1 1 2 1 1 0 0 0 2 2 2 2 2 1 1 0 0 2 3 0.87 1.02 1.11 
1 2 1 0 2 1 1 1 1 1 0 0 0 2 2 2 2 2 1 1 0 0 2 3 0.87 1.16 0.97 
1 2 1 0 2 1 1 2 1 1 0 0 0 1 2 2 2 2 1 1 0 0 2 3 0.87 1.12 1.01 
1 2 1 0 2 2 1 1 1 1 0 0 0 2 2 2 2 2 1 1 0 0 2 3 0.87 1.03 1.11 
1 2 1 0 2 2 1 1 1 1 0 0 0 2 2 2 2 2 1 1 0 0 1 3 0.87 1.14 0.99 
1 2 1 0 2 2 1 1 1 1 0 0 0 1 2 2 2 2 1 1 0 0 2 3 0.87 1.13 1.0 
1 2 1 0 2 2 1 2 1 1 0 0 0 1 2 2 2 2 1 1 0 0 2 3 0.87 0.99 1.15 
1 2 1 0 2 2 1 2 1 1 0 0 0 1 1 2 2 2 1 1 0 0 2 3 0.87 1.11 1.02 
1 2 1 0 2 2 2 2 1 1 0 0 0 1 1 1 2 2 1 1 0 0 2 3 0.87 1.1 1.04 
1 2 1 0 2 2 2 2 1 1 0 0 0 1 1 2 2 2 1 1 0 0 2 3 0.87 0.99 1.14 
2 2 1 0 2 2 2 2 1 1 0 0 0 1 1 1 2 2 1 1 0 0 2 3 0.87 0.95 1.18 
2 2 1 0 2 2 2 2 1 1 0 0 0 1 1 1 2 1 1 1 0 0 2 3 0.87 1.06 1.07 
2 1 1 0 2 2 2 2 1 1 0 0 0 1 1 1 2 1 1 1 0 0 2 3 0.87 1.18 0.96 
2 2 1 0 2 2 2 2 1 2 0 0 0 1 1 1 2 1 1 1 0 0 2 3 0.87 0.95 1.18 
2 1 1 0 2 2 2 2 1 2 0 0 0 1 1 1 2 1 1 1 0 0 2 3 0.87 1.07 1.07 
2 2 1 0 1 2 2 2 1 2 0 0 0 1 1 1 2 1 1 1 0 0 2 3 0.87 1.11 1.03 
2 2 1 0 2 2 2 2 1 2 0 0 0 1 1 1 1 1 1 1 0 0 2 3 0.87 1.1 1.03 
