74
26
2 2 0 0 0 1 1 2 0 2 3 3 3 2 1 3 1 4 0.99 1.01 0.99 1.01 
3 2 0 0 0 1 1 2 0 2 3 3 3 2 1 2 1 4 0.99 1.01 1.01 1.0 
3 3 0 0 0 1 1 2 0 2 3 2 3 2 1 2 1 4 0.99 1.01 1.02 0.99 
3 2 2 0 0 1 1 2 0 2 0 3 3 2 1 3 1 4 0.98 1.01 1.02 0.99 
3 2 3 0 0 1 1 2 0 2 0 3 3 2 1 2 1 4 0.98 1.01 1.01 1.01 
3 3 3 0 0 1 1 2 0 2 0 2 3 2 1 2 1 4 0.98 1.01 1.02 1.0 
3 2 2 0 0 1 1 2 0 2 3 3 0 2 1 3 1 4 1.0 1.01 1.02 0.97 
3 2 3 0 0 1 1 2 0 2 3 3 0 2 1 2 1 4 1.0 1.01 1.01 0.98 
3 3 3 0 0 1 1 2 0 2 3 2 0 2 1 2 1 4 1.0 1.01 1.02 0.97 
3 2 0 0 2 1 1 2 0 2 0 3 3 2 1 3 1 4 0.98 1.01 1.02 0.99 
3 2 0 0 1 2 1 2 0 2 0 3 3 2 1 3 1 4 0.98 1.01 1.02 0.99 
3 2 3 0 3 1 1 2 0 2 0 3 0 2 1 2 1 4 0.99 1.01 1.01 0.99 
3 2 3 0 2 1 1 2 0 2 0 3 0 2 1 3 1 4 0.99 1.01 1.02 0.98 
3 3 3 0 3 1 1 2 0 2 0 2 0 2 1 2 1 4 0.99 1.01 1.02 0.99 
3 2 3 0 1 2 1 2 0 2 0 3 0 2 1 3 1 4 0.99 1.01 1.02 0.98 
0 2 2 0 2 3 3 1 0 1 2 1 0 1 3 1 3 4 0.97 1.02 1.01 1.01 
3 2 2 0 3 1 1 2 0 2 3 0 0 2 1 3 1 4 0.95 1.01 1.02 1.02 
3 2 3 0 3 1 1 2 0 2 3 0 0 2 1 2 1 4 0.95 1.01 1.01 1.03 
3 2 3 0 2 1 1 2 0 2 3 0 0 2 1 3 1 4 0.95 1.01 1.02 1.02 
2 3 3 0 3 1 1 2 0 2 3 0 0 2 1 2 1 4 0.95 1.01 1.03 1.01 
3 2 3 0 1 2 1 2 0 2 3 0 0 2 1 3 1 4 0.95 1.01 1.02 1.02 
3 2 2 0 1 1 1 2 0 2 3 3 0 2 0 3 1 4 0.97 1.04 1.02 0.97 
3 2 3 0 1 1 1 2 0 2 3 3 0 2 0 2 1 4 0.97 1.04 1.01 0.98 
3 3 3 0 1 1 1 2 0 2 3 2 0 2 0 2 1 4 0.97 1.04 1.02 0.97 
2 3 1 0 1 3 1 3 0 3 2 2 0 3 0 2 1 4 0.97 1.05 0.97 1.02 
3 2 3 0 1 2 1 2 0 2 1 3 0 2 0 3 1 4 0.97 1.03 1.02 0.98 
