50
463
2 0 0 1 1 1 1 1 0 2 2 2 0 2 0 0 2 1 0 2 0 2 2 1 1 1 0 3 1.01 0.99 1.01 
2 0 0 1 1 1 1 1 0 2 2 1 0 2 0 0 2 2 0 2 0 2 2 1 1 1 0 3 1.01 0.99 1.0 
2 0 0 1 2 1 1 1 0 2 2 1 0 1 0 0 1 2 0 2 0 2 2 1 2 1 0 3 1.01 0.97 1.02 
2 0 0 1 2 1 1 1 0 2 2 1 0 1 0 0 2 2 0 2 0 2 2 1 1 1 0 3 1.01 0.97 1.03 
2 0 0 2 2 1 1 1 0 2 1 1 0 1 0 0 1 2 0 2 0 2 2 1 2 1 0 3 1.01 0.96 1.03 
2 0 0 2 2 1 1 1 0 2 2 1 0 1 0 0 1 2 0 2 0 2 2 1 1 1 0 3 1.01 0.98 1.01 
2 0 0 2 1 1 1 1 0 2 2 1 0 1 0 0 2 2 0 2 0 2 2 1 1 1 0 3 1.01 0.98 1.01 
2 0 0 2 1 1 1 1 0 2 2 1 0 2 0 0 2 1 0 2 0 2 2 1 1 1 0 3 1.01 0.98 1.01 
2 0 0 2 1 1 1 1 0 2 2 2 0 2 0 0 2 1 0 2 0 1 2 1 1 1 0 3 1.01 0.99 1.0 
2 0 0 2 1 1 1 1 0 2 2 2 0 2 0 0 2 1 0 2 0 2 1 1 1 1 0 3 1.01 1.01 0.99 
2 0 0 1 1 1 1 2 0 2 2 2 0 2 0 0 2 1 0 2 0 1 2 1 1 1 0 3 1.01 1.0 0.99 
2 0 0 1 1 1 1 2 0 2 2 2 0 2 0 0 2 1 0 2 0 2 1 1 1 1 0 3 1.01 1.02 0.98 
2 0 0 1 1 1 1 2 0 2 2 1 0 2 0 0 2 1 0 2 0 2 2 1 1 1 0 3 1.01 0.99 1.0 
2 0 0 1 1 1 1 2 0 2 2 1 0 1 0 0 2 2 0 2 0 2 2 1 1 1 0 3 1.01 1.0 1.0 
2 0 0 2 1 1 1 2 0 2 2 2 0 2 0 0 2 1 0 2 0 1 1 1 1 1 0 3 1.01 1.02 0.97 
2 0 0 2 1 1 1 2 0 2 2 1 0 2 0 0 2 1 0 2 0 1 2 1 1 1 0 3 1.01 0.99 1.0 
2 0 0 2 1 1 1 2 0 2 2 2 0 2 0 0 2 1 0 1 0 2 1 1 1 1 0 3 1.01 1.01 0.98 
2 0 0 2 1 1 1 2 0 2 2 1 0 2 0 0 2 1 0 2 0 2 1 1 1 1 0 3 1.01 1.01 0.98 
2 0 0 2 1 1 1 2 0 2 2 1 0 1 0 0 2 1 0 2 0 2 2 1 1 1 0 3 1.01 0.98 1.01 
2 0 0 2 1 1 1 2 0 2 2 1 0 1 0 0 1 2 0 2 0 2 2 1 1 1 0 3 1.01 1.01 0.98 
2 0 0 2 2 1 1 2 0 2 1 1 0 1 0 0 1 2 0 2 0 2 2 1 1 1 0 3 1.01 0.99 1.01 
2 0 0 1 2 1 1 2 0 2 1 1 0 1 0 0 1 2 0 2 0 2 2 1 2 1 0 3 1.01 0.97 1.02 
1 0 0 2 2 1 1 2 0 2 1 1 0 1 0 0 1 2 0 2 0 2 2 1 2 1 0 3 1.01 0.97 1.02 
2 0 0 1 2 1 2 1 0 2 1 1 0 1 0 0 1 2 0 2 0 2 2 1 2 1 0 3 1.01 0.97 1.02 
1 0 0 2 2 1 2 1 0 2 1 1 0 1 0 0 1 2 0 2 0 2 2 1 2 1 0 3 1.01 0.97 1.02 
1 0 0 1 2 1 2 2 0 2 1 1 0 1 0 0 1 2 0 2 0 2 2 1 2 1 0 3 1.01 0.98 1.01 
1 0 0 2 2 1 2 2 0 1 1 1 0 1 0 0 1 2 0 2 0 2 2 1 2 1 0 3 1.01 0.98 1.01 
1 0 0 2 2 1 2 2 0 2 1 1 0 1 0 0 1 2 0 2 0 1 2 1 2 1 0 3 1.01 0.99 1.01 
1 0 0 2 2 1 2 2 0 2 1 1 0 1 0 0 1 2 0 2 0 2 2 1 1 1 0 3 1.01 1.0 1.0 
2 0 0 2 1 1 2 2 0 2 2 1 0 1 0 0 1 1 0 2 0 2 2 1 1 1 0 3 1.01 1.01 0.98 
2 0 0 1 1 1 2 2 0 2 2 1 0 1 0 0 2 1 0 2 0 2 2 1 1 1 0 3 1.01 1.0 1.0 
2 0 0 2 1 1 2 2 0 2 2 1 0 1 0 0 2 1 0 2 0 1 2 1 1 1 0 3 1.01 1.0 0.99 
2 0 0 2 1 1 2 2 0 2 2 1 0 1 0 0 2 1 0 2 0 2 1 1 1 1 0 3 1.01 1.02 0.98 
2 0 0 1 1 1 2 2 0 2 2 1 0 2 0 0 2 1 0 2 0 1 2 1 1 1 0 3 1.01 1.01 0.99 
2 0 0 1 1 1 2 2 0 2 2 1 0 2 0 0 2 1 0 2 0 2 1 1 1 1 0 3 1.01 1.02 0.97 
2 0 0 2 1 1 2 2 0 2 2 1 0 2 0 0 2 1 0 2 0 1 1 1 1 1 0 3 1.01 1.03 0.97 
2 0 0 2 1 1 2 2 0 2 2 1 0 2 0 0 2 1 0 1 0 2 1 1 1 1 0 3 1.01 1.02 0.97 
2 0 0 1 1 1 2 2 0 2 2 2 0 2 0 0 2 1 0 2 0 1 1 1 1 1 0 3 1.01 1.03 0.96 
2 0 0 1 1 1 2 2 0 2 2 2 0 2 0 0 2 1 0 1 0 2 1 1 1 1 0 3 1.01 1.03 0.97 
2 0 0 2 1 1 2 2 0 2 2 2 0 2 0 0 2 1 0 1 0 1 1 1 1 1 0 3 1.01 1.03 0.96 
2 0 0 2 1 1 2 2 0 1 2 2 0 2 0 0 2 1 0 1 0 2 1 1 1 1 0 3 1.01 1.03 0.97 
2 0 0 1 1 2 1 1 0 2 2 2 0 2 0 0 2 1 0 2 0 1 2 1 1 1 0 3 1.01 0.99 1.0 
2 0 0 1 1 2 1 1 0 2 2 2 0 2 0 0 2 1 0 2 0 2 1 1 1 1 0 3 1.01 1.01 0.98 
2 0 0 2 1 2 1 1 0 2 2 2 0 2 0 0 2 1 0 2 0 1 1 1 1 1 0 3 1.01 1.01 0.98 
2 0 0 2 1 2 1 1 0 2 2 2 0 2 0 0 2 1 0 1 0 2 1 1 1 1 0 3 1.01 1.01 0.99 
2 0 0 1 1 2 1 2 0 2 2 2 0 2 0 0 2 1 0 2 0 1 1 1 1 1 0 3 1.01 1.02 0.97 
2 0 0 1 1 2 1 2 0 2 2 2 0 2 0 0 2 1 0 1 0 2 1 1 1 1 0 3 1.01 1.02 0.98 
2 0 0 2 1 2 1 2 0 2 2 2 0 2 0 0 2 1 0 1 0 1 1 1 1 1 0 3 1.01 1.02 0.97 
2 0 0 2 1 2 1 2 0 1 2 2 0 2 0 0 2 1 0 1 0 2 1 1 1 1 0 3 1.01 1.02 0.97 
2 0 0 1 1 2 2 2 0 2 2 2 0 2 0 0 2 1 0 1 0 1 1 1 1 1 0 3 1.01 1.03 0.96 
2 0 0 1 1 2 2 1 0 2 2 2 0 2 0 0 2 1 0 2 0 1 1 1 1 1 0 3 1.01 1.02 0.97 
2 0 0 1 1 2 2 2 0 1 2 2 0 2 0 0 2 1 0 1 0 2 1 1 1 1 0 3 1.01 1.03 0.96 
2 0 0 1 1 2 2 1 0 2 2 2 0 2 0 0 2 1 0 1 0 2 1 1 1 1 0 3 1.01 1.02 0.98 
2 0 0 2 1 2 2 2 0 1 2 2 0 2 0 0 2 1 0 1 0 1 1 1 1 1 0 3 1.01 1.03 0.96 
2 0 0 2 1 2 2 1 0 2 2 2 0 2 0 0 2 1 0 1 0 1 1 1 1 1 0 3 1.01 1.02 0.97 
2 0 0 2 1 2 2 1 0 1 2 2 0 2 0 0 2 1 0 1 0 2 1 1 1 1 0 3 1.01 1.02 0.97 
2 0 0 1 1 2 2 2 0 1 2 2 0 2 0 0 2 1 0 1 0 1 1 2 1 1 0 3 1.01 1.03 0.96 
2 0 0 1 1 2 2 1 0 2 2 2 0 2 0 0 2 1 0 1 0 1 1 2 1 1 0 3 1.01 1.02 0.98 
2 0 0 1 1 2 1 2 0 2 2 2 0 2 0 0 2 1 0 1 0 1 1 2 1 1 0 3 1.01 1.02 0.98 
2 0 0 1 1 2 1 1 0 2 2 2 0 2 0 0 2 1 0 2 0 1 1 2 1 1 0 3 1.01 1.01 0.98 
2 0 0 1 1 2 2 1 0 1 2 2 0 2 0 0 2 1 0 1 0 2 1 2 1 1 0 3 1.01 1.01 0.98 
2 0 0 1 1 2 1 2 0 1 2 2 0 2 0 0 2 1 0 1 0 2 1 2 1 1 0 3 1.01 1.01 0.98 
2 0 0 1 1 2 1 1 0 2 2 2 0 2 0 0 2 1 0 1 0 2 1 2 1 1 0 3 1.01 1.0 0.99 
1 0 0 2 1 2 2 2 0 1 2 2 0 2 0 0 2 1 0 1 0 1 1 2 1 1 0 3 1.01 1.03 0.97 
2 0 0 2 1 2 1 2 0 1 2 2 0 2 0 0 2 1 0 1 0 1 1 2 1 1 0 3 1.01 1.02 0.98 
2 0 0 2 1 2 2 1 0 1 2 2 0 2 0 0 2 1 0 1 0 1 1 2 1 1 0 3 1.01 1.02 0.98 
2 0 0 2 1 2 1 1 0 2 2 2 0 2 0 0 2 1 0 1 0 1 1 2 1 1 0 3 1.01 1.0 0.99 
2 0 0 2 1 2 1 1 0 1 2 2 0 2 0 0 2 1 0 1 0 2 1 2 1 1 0 3 1.01 1.0 0.99 
1 0 0 1 1 2 2 1 1 1 2 2 0 2 0 0 2 1 0 0 0 1 1 2 2 2 0 3 1.0 1.02 0.99 
1 0 0 1 1 2 2 2 1 1 1 2 0 2 0 0 2 1 0 0 0 1 1 2 2 2 0 3 1.0 1.02 0.98 
1 0 0 1 1 2 2 2 1 1 2 2 0 2 0 0 2 1 0 0 0 1 1 2 1 2 0 3 1.0 1.04 0.96 
1 0 0 2 1 2 2 2 1 1 1 2 0 2 0 0 1 1 0 0 0 1 1 2 2 2 0 3 1.0 1.04 0.97 
1 0 0 2 1 2 2 2 1 1 1 2 0 2 0 0 2 1 0 0 0 1 1 2 1 2 0 3 1.0 1.03 0.97 
1 0 0 2 1 2 1 2 1 1 2 2 0 2 0 0 2 1 0 0 0 1 1 2 1 2 0 3 1.0 1.03 0.97 
1 0 0 2 1 2 2 1 1 1 2 2 0 2 0 0 2 1 0 0 0 1 1 2 1 2 0 3 1.0 1.03 0.97 
1 0 0 2 1 2 2 2 1 1 2 2 0 2 0 0 2 1 0 0 0 1 1 2 1 1 0 3 1.0 1.04 0.97 
1 0 0 1 2 2 2 1 1 1 1 2 0 2 0 0 2 1 0 0 0 1 1 2 2 2 0 3 1.0 0.99 1.01 
1 0 0 1 2 2 2 2 1 1 1 2 0 2 0 0 1 1 0 0 0 1 1 2 2 2 0 3 1.0 1.02 0.98 
1 0 0 2 2 2 2 1 1 1 1 2 0 2 0 0 1 1 0 0 0 1 1 2 2 2 0 3 1.0 1.01 1.0 
1 0 0 2 2 2 2 2 1 1 1 2 0 1 0 0 1 1 0 0 0 1 1 2 2 2 0 3 1.0 1.01 0.99 
2 0 0 1 1 2 1 1 1 2 2 2 0 2 0 0 2 1 0 0 0 2 2 1 1 1 0 3 1.0 1.0 1.01 
2 0 0 1 1 2 1 1 1 2 2 2 0 2 0 0 2 1 0 0 0 2 1 2 1 1 0 3 1.0 1.01 0.99 
2 0 0 1 1 2 1 1 1 2 2 2 0 2 0 0 2 1 0 0 0 1 1 2 1 2 0 3 1.0 1.02 0.98 
2 0 0 1 1 2 1 1 1 1 2 2 0 2 0 0 2 1 0 0 0 1 1 2 2 2 0 3 1.0 1.0 1.0 
2 0 0 1 1 2 2 1 1 2 2 2 0 2 0 0 2 1 0 0 0 2 1 1 1 1 0 3 1.0 1.03 0.98 
2 0 0 1 1 2 2 1 1 2 2 2 0 2 0 0 2 1 0 0 0 1 1 2 1 1 0 3 1.0 1.03 0.98 
2 0 0 1 1 2 2 1 1 1 2 2 0 2 0 0 2 1 0 0 0 1 1 2 1 2 0 3 1.0 1.03 0.97 
2 0 0 1 1 1 1 2 1 2 2 2 0 2 0 0 2 1 0 0 0 2 2 1 1 1 0 3 1.0 1.0 1.0 
2 0 0 1 1 2 1 2 1 2 2 2 0 2 0 0 2 1 0 0 0 2 1 1 1 1 0 3 1.0 1.03 0.98 
2 0 0 1 1 2 1 2 1 2 2 2 0 2 0 0 2 1 0 0 0 1 1 2 1 1 0 3 1.0 1.03 0.98 
2 0 0 1 1 2 1 2 1 1 2 2 0 2 0 0 2 1 0 0 0 1 1 2 1 2 0 3 1.0 1.03 0.97 
2 0 0 1 1 1 2 2 1 2 2 1 0 2 0 0 2 1 0 0 0 2 2 1 1 1 0 3 1.0 1.01 0.99 
2 0 0 1 1 1 2 2 1 2 2 2 0 2 0 0 2 1 0 0 0 2 1 1 1 1 0 3 1.0 1.04 0.97 
2 0 0 1 1 2 2 2 1 2 2 2 0 2 0 0 2 1 0 0 0 1 1 1 1 1 0 3 1.0 1.04 0.96 
2 0 0 1 1 2 2 2 1 1 2 2 0 2 0 0 2 1 0 0 0 1 1 2 1 1 0 3 1.0 1.04 0.96 
2 0 0 2 1 1 1 1 1 2 2 2 0 2 0 0 2 1 0 0 0 2 2 1 1 1 0 3 1.0 0.99 1.01 
2 0 0 2 1 1 1 2 1 2 2 1 0 2 0 0 2 1 0 0 0 2 2 1 1 1 0 3 1.0 1.0 1.01 
2 0 0 2 1 1 1 2 1 2 2 2 0 2 0 0 2 1 0 0 0 2 1 1 1 1 0 3 1.0 1.02 0.98 
2 0 0 2 1 2 1 1 1 2 2 2 0 2 0 0 2 1 0 0 0 2 1 1 1 1 0 3 1.0 1.02 0.99 
2 0 0 2 1 2 1 1 1 2 2 2 0 2 0 0 2 1 0 0 0 1 1 2 1 1 0 3 1.0 1.01 0.99 
2 0 0 2 1 2 1 1 1 1 2 2 0 2 0 0 2 1 0 0 0 1 1 2 1 2 0 3 1.0 1.02 0.98 
2 0 0 2 1 2 1 2 1 2 2 2 0 2 0 0 2 1 0 0 0 1 1 1 1 1 0 3 1.0 1.03 0.97 
2 0 0 2 1 2 1 2 1 1 2 2 0 2 0 0 2 1 0 0 0 1 1 2 1 1 0 3 1.0 1.03 0.98 
2 0 0 2 1 2 2 1 1 2 2 2 0 2 0 0 2 1 0 0 0 1 1 1 1 1 0 3 1.0 1.03 0.97 
2 0 0 2 1 2 2 1 1 1 2 2 0 2 0 0 2 1 0 0 0 1 1 2 1 1 0 3 1.0 1.03 0.98 
2 0 0 2 1 1 2 2 1 2 2 1 0 1 0 0 2 1 0 0 0 2 2 1 1 1 0 3 1.0 1.0 1.0 
2 0 0 2 1 1 2 2 1 2 2 1 0 2 0 0 2 1 0 0 0 2 1 1 1 1 0 3 1.0 1.03 0.97 
2 0 0 2 1 1 2 2 1 2 2 2 0 2 0 0 2 1 0 0 0 1 1 1 1 1 0 3 1.0 1.04 0.96 
2 0 0 2 1 2 2 2 1 1 2 2 0 2 0 0 2 1 0 0 0 1 1 1 1 1 0 3 1.0 1.04 0.96 
1 0 0 1 2 2 1 1 1 1 1 2 0 2 0 0 2 2 0 0 0 1 1 2 2 2 0 3 1.0 0.99 1.01 
1 0 0 1 2 2 2 1 1 1 1 2 0 2 0 0 1 2 0 0 0 1 1 2 2 2 0 3 1.0 1.02 0.98 
1 0 0 1 2 2 2 2 1 1 1 2 0 1 0 0 1 2 0 0 0 1 1 2 2 2 0 3 1.0 1.02 0.98 
1 0 0 2 2 2 1 1 1 1 1 2 0 2 0 0 1 2 0 0 0 1 1 2 2 2 0 3 1.0 1.01 1.0 
1 0 0 2 2 2 2 1 1 1 1 2 0 1 0 0 1 2 0 0 0 1 1 2 2 2 0 3 1.0 1.01 0.99 
1 0 0 2 2 2 2 2 1 1 1 1 0 1 0 0 1 2 0 0 0 1 1 2 2 2 0 3 1.0 1.02 0.99 
1 0 0 1 1 2 2 1 1 1 2 2 0 2 0 0 2 1 0 1 0 1 0 2 2 2 0 3 1.02 0.99 0.99 
1 0 0 1 1 2 2 2 1 1 1 2 0 2 0 0 2 1 0 1 0 1 0 2 2 2 0 3 1.02 1.0 0.98 
1 0 0 1 1 2 2 2 1 1 2 2 0 2 0 0 2 1 0 1 0 1 0 2 1 2 0 3 1.02 1.02 0.96 
1 0 0 2 1 2 2 2 1 1 1 2 0 2 0 0 1 1 0 1 0 1 0 2 2 2 0 3 1.02 1.01 0.97 
1 0 0 2 1 2 2 2 1 1 1 2 0 2 0 0 2 1 0 1 0 1 0 2 1 2 0 3 1.02 1.01 0.97 
1 0 0 2 1 2 1 2 1 1 2 2 0 2 0 0 2 1 0 1 0 1 0 2 1 2 0 3 1.02 1.01 0.97 
1 0 0 2 1 2 2 1 1 1 2 2 0 2 0 0 2 1 0 1 0 1 0 2 1 2 0 3 1.02 1.01 0.97 
1 0 0 2 1 2 2 2 1 1 2 2 0 2 0 0 2 1 0 1 0 1 0 2 1 1 0 3 1.02 1.01 0.97 
1 0 0 1 2 2 2 1 1 1 1 2 0 2 0 0 2 1 0 1 0 1 0 2 2 2 0 3 1.02 0.96 1.01 
1 0 0 1 2 2 2 2 1 1 1 2 0 2 0 0 1 1 0 1 0 1 0 2 2 2 0 3 1.02 0.99 0.98 
1 0 0 2 2 2 2 1 1 1 1 2 0 2 0 0 1 1 0 1 0 1 0 2 2 2 0 3 1.02 0.98 1.0 
1 0 0 2 2 2 2 2 1 1 1 2 0 1 0 0 1 1 0 1 0 1 0 2 2 2 0 3 1.02 0.99 0.99 
2 0 0 1 1 2 1 1 1 2 2 2 0 2 0 0 2 1 0 2 0 2 0 1 1 1 0 3 1.02 1.0 0.98 
2 0 0 1 1 2 1 1 1 2 2 2 0 2 0 0 2 1 0 2 0 1 0 2 1 1 0 3 1.02 0.99 0.98 
2 0 0 1 1 2 1 1 1 2 2 2 0 2 0 0 2 1 0 1 0 1 0 2 1 2 0 3 1.02 0.99 0.98 
2 0 0 1 1 2 1 1 1 1 2 2 0 2 0 0 2 1 0 1 0 1 0 2 2 2 0 3 1.02 0.98 1.0 
2 0 0 1 1 2 2 1 1 2 2 2 0 2 0 0 2 1 0 2 0 1 0 1 1 1 0 3 1.02 1.01 0.97 
2 0 0 1 1 2 2 1 1 2 2 2 0 2 0 0 2 1 0 1 0 1 0 2 1 1 0 3 1.02 1.0 0.98 
2 0 0 1 1 2 2 1 1 1 2 2 0 2 0 0 2 1 0 1 0 1 0 2 1 2 0 3 1.02 1.01 0.97 
2 0 0 1 1 1 1 2 1 2 2 2 0 2 0 0 2 1 0 2 0 2 0 1 1 1 0 3 1.02 1.0 0.98 
2 0 0 1 1 2 1 2 1 2 2 2 0 2 0 0 2 1 0 2 0 1 0 1 1 1 0 3 1.02 1.01 0.97 
2 0 0 1 1 2 1 2 1 2 2 2 0 2 0 0 2 1 0 1 0 1 0 2 1 1 0 3 1.02 1.0 0.98 
2 0 0 1 1 2 1 2 1 1 2 2 0 2 0 0 2 1 0 1 0 1 0 2 1 2 0 3 1.02 1.01 0.97 
2 0 0 1 1 1 2 2 1 2 2 1 0 2 0 0 2 1 0 2 0 2 0 1 1 1 0 3 1.02 1.01 0.97 
2 0 0 1 1 1 2 2 1 2 2 2 0 2 0 0 2 1 0 2 0 1 0 1 1 1 0 3 1.02 1.02 0.96 
2 0 0 1 1 2 2 2 1 2 2 2 0 2 0 0 2 1 0 1 0 1 0 1 1 1 0 3 1.02 1.02 0.96 
2 0 0 1 1 2 2 2 1 1 2 2 0 2 0 0 2 1 0 1 0 1 0 2 1 1 0 3 1.02 1.01 0.96 
2 0 0 2 1 1 1 1 1 2 2 2 0 2 0 0 2 1 0 2 0 2 0 1 1 1 0 3 1.02 0.99 0.99 
2 0 0 2 1 1 1 2 1 2 2 1 0 2 0 0 2 1 0 2 0 2 0 1 1 1 0 3 1.02 1.0 0.98 
2 0 0 2 1 1 1 2 1 2 2 2 0 2 0 0 2 1 0 2 0 1 0 1 1 1 0 3 1.02 1.01 0.97 
2 0 0 2 1 2 1 1 1 2 2 2 0 2 0 0 2 1 0 2 0 1 0 1 1 1 0 3 1.02 1.0 0.98 
2 0 0 2 1 2 1 1 1 2 2 2 0 2 0 0 2 1 0 1 0 1 0 2 1 1 0 3 1.02 0.99 0.99 
2 0 0 2 1 2 1 1 1 1 2 2 0 2 0 0 2 1 0 1 0 1 0 2 1 2 0 3 1.02 0.99 0.98 
2 0 0 2 1 2 1 2 1 2 2 2 0 2 0 0 2 1 0 1 0 1 0 1 1 1 0 3 1.02 1.01 0.97 
2 0 0 2 1 2 1 2 1 1 2 2 0 2 0 0 2 1 0 1 0 1 0 2 1 1 0 3 1.02 1.0 0.98 
2 0 0 2 1 2 2 1 1 2 2 2 0 2 0 0 2 1 0 1 0 1 0 1 1 1 0 3 1.02 1.01 0.97 
2 0 0 2 1 2 2 1 1 1 2 2 0 2 0 0 2 1 0 1 0 1 0 2 1 1 0 3 1.02 1.0 0.98 
2 0 0 2 1 1 2 2 1 2 2 1 0 1 0 0 2 1 0 2 0 2 0 1 1 1 0 3 1.02 1.0 0.98 
2 0 0 2 1 1 2 2 1 2 2 1 0 2 0 0 2 1 0 2 0 1 0 1 1 1 0 3 1.02 1.01 0.97 
2 0 0 2 1 1 2 2 1 2 2 2 0 2 0 0 2 1 0 1 0 1 0 1 1 1 0 3 1.02 1.01 0.96 
2 0 0 2 1 2 2 2 1 1 2 2 0 2 0 0 2 1 0 1 0 1 0 1 1 1 0 3 1.02 1.02 0.96 
2 0 0 1 1 1 1 1 2 0 2 2 0 2 0 0 2 1 0 0 0 2 2 1 1 1 2 3 1.01 0.99 1.0 
2 0 0 1 1 1 1 1 2 0 2 1 0 2 0 0 2 2 0 0 0 2 2 1 1 1 2 3 1.01 0.99 0.99 
2 0 0 1 2 1 1 1 2 0 2 1 0 1 0 0 1 2 0 0 0 2 2 1 2 1 2 3 1.01 0.97 1.02 
2 0 0 1 2 1 1 1 2 0 2 1 0 1 0 0 2 2 0 0 0 2 2 1 1 1 2 3 1.01 0.97 1.02 
2 0 0 2 2 1 1 1 2 0 1 1 0 1 0 0 1 2 0 0 0 2 2 1 2 1 2 3 1.01 0.96 1.02 
2 0 0 2 2 1 1 1 2 0 2 1 0 1 0 0 1 2 0 0 0 2 2 1 1 1 2 3 1.01 0.98 1.0 
2 0 0 2 1 1 1 1 2 0 2 1 0 1 0 0 2 2 0 0 0 2 2 1 1 1 2 3 1.01 0.98 1.0 
2 0 0 2 1 1 1 1 2 0 2 1 0 2 0 0 2 1 0 0 0 2 2 1 1 1 2 3 1.01 0.98 1.01 
2 0 0 2 1 1 1 1 1 0 2 2 0 2 0 0 2 1 0 0 0 2 2 1 1 1 2 3 1.01 0.99 0.99 
2 0 0 1 1 1 1 2 1 0 2 2 0 2 0 0 2 1 0 0 0 2 2 1 1 1 2 3 1.01 1.0 0.98 
2 0 0 1 1 1 1 2 2 0 2 1 0 2 0 0 2 1 0 0 0 2 2 1 1 1 2 3 1.01 0.99 0.99 
2 0 0 1 1 1 1 2 2 0 2 1 0 1 0 0 2 2 0 0 0 2 2 1 1 1 2 3 1.01 1.0 0.99 
2 0 0 2 1 1 1 2 1 0 2 2 0 2 0 0 2 1 0 0 0 2 2 1 1 1 1 3 1.01 0.99 1.0 
2 0 0 2 1 1 1 2 1 0 2 1 0 2 0 0 2 1 0 0 0 2 2 1 1 1 2 3 1.01 1.0 0.99 
2 0 0 2 1 1 1 2 2 0 2 1 0 1 0 0 2 1 0 0 0 2 2 1 1 1 2 3 1.01 0.98 1.0 
2 0 0 2 1 1 1 2 2 0 2 1 0 1 0 0 1 2 0 0 0 2 2 1 1 1 2 3 1.01 1.01 0.97 
2 0 0 2 2 1 1 2 2 0 1 1 0 1 0 0 1 2 0 0 0 2 2 1 1 1 2 3 1.01 0.99 1.0 
2 0 0 1 2 1 1 2 2 0 1 1 0 1 0 0 1 2 0 0 0 2 2 1 2 1 2 3 1.01 0.97 1.01 
1 0 0 2 2 1 1 2 2 0 1 1 0 1 0 0 1 2 0 0 0 2 2 1 2 1 2 3 1.01 0.97 1.01 
2 0 0 1 2 1 2 1 2 0 1 1 0 1 0 0 1 2 0 0 0 2 2 1 2 1 2 3 1.01 0.97 1.01 
1 0 0 2 2 1 2 1 2 0 1 1 0 1 0 0 1 2 0 0 0 2 2 1 2 1 2 3 1.01 0.97 1.01 
1 0 0 1 2 1 2 2 2 0 1 1 0 1 0 0 1 2 0 0 0 2 2 1 2 1 2 3 1.01 0.98 1.0 
1 0 0 2 2 1 2 2 2 0 1 1 0 1 0 0 1 2 0 0 0 1 2 1 2 1 2 3 1.01 0.99 1.0 
1 0 0 2 2 1 2 2 2 0 1 1 0 1 0 0 1 2 0 0 0 2 2 1 1 1 2 3 1.01 1.0 0.99 
2 0 0 2 1 1 2 2 2 0 2 1 0 1 0 0 1 1 0 0 0 2 2 1 1 1 2 3 1.01 1.01 0.97 
2 0 0 1 1 1 2 2 2 0 2 1 0 1 0 0 2 1 0 0 0 2 2 1 1 1 2 3 1.01 1.0 0.99 
2 0 0 2 1 1 2 2 1 0 2 1 0 1 0 0 2 1 0 0 0 2 2 1 1 1 2 3 1.01 1.0 0.99 
2 0 0 1 1 1 2 2 1 0 2 1 0 2 0 0 2 1 0 0 0 2 2 1 1 1 2 3 1.01 1.01 0.98 
2 0 0 2 1 1 2 2 1 0 2 1 0 2 0 0 2 1 0 0 0 2 2 1 1 1 1 3 1.01 0.99 0.99 
2 0 0 1 1 1 2 2 1 0 2 2 0 2 0 0 2 1 0 0 0 2 2 1 1 1 1 3 1.01 1.0 0.99 
2 0 0 2 1 1 2 2 1 0 2 2 0 2 0 0 2 1 0 0 0 2 1 1 1 1 1 3 1.01 1.02 0.97 
2 0 0 1 1 2 1 1 1 0 2 2 0 2 0 0 2 1 0 0 0 2 2 1 1 1 2 3 1.01 1.0 0.99 
2 0 0 2 1 2 1 1 1 0 2 2 0 2 0 0 2 1 0 0 0 2 2 1 1 1 1 3 1.01 0.98 1.01 
2 0 0 1 1 2 1 2 1 0 2 2 0 2 0 0 2 1 0 0 0 2 2 1 1 1 1 3 1.01 0.99 0.99 
2 0 0 2 1 2 1 2 1 0 2 2 0 2 0 0 2 1 0 0 0 2 1 1 1 1 1 3 1.01 1.01 0.97 
2 0 0 1 1 2 2 2 1 0 2 2 0 2 0 0 2 1 0 0 0 2 1 1 1 1 1 3 1.01 1.02 0.96 
2 0 0 1 1 2 2 1 1 0 2 2 0 2 0 0 2 1 0 0 0 2 2 1 1 1 1 3 1.01 0.99 1.0 
2 0 0 2 1 2 2 2 1 0 2 2 0 2 0 0 2 1 0 0 0 1 1 1 1 1 1 3 1.01 1.03 0.96 
2 0 0 2 1 2 2 1 1 0 2 2 0 2 0 0 2 1 0 0 0 2 1 1 1 1 1 3 1.01 1.01 0.97 
2 0 0 1 1 2 2 2 1 0 2 2 0 2 0 0 2 1 0 0 0 1 1 2 1 1 1 3 1.01 1.02 0.96 
2 0 0 1 1 2 2 1 1 0 2 2 0 2 0 0 2 1 0 0 0 2 1 2 1 1 1 3 1.01 1.01 0.98 
2 0 0 1 1 2 1 2 1 0 2 2 0 2 0 0 2 1 0 0 0 2 1 2 1 1 1 3 1.01 1.01 0.98 
2 0 0 1 1 2 1 1 1 0 2 2 0 2 0 0 2 1 0 0 0 2 2 2 1 1 1 3 1.01 0.97 1.01 
1 0 0 2 1 2 2 2 1 0 2 2 0 2 0 0 2 1 0 0 0 1 1 2 1 1 1 3 1.01 1.02 0.97 
2 0 0 2 1 2 1 2 1 0 2 2 0 2 0 0 2 1 0 0 0 1 1 2 1 1 1 3 1.01 1.01 0.98 
2 0 0 2 1 2 2 1 1 0 2 2 0 2 0 0 2 1 0 0 0 1 1 2 1 1 1 3 1.01 1.01 0.98 
2 0 0 2 1 2 1 1 1 0 2 2 0 2 0 0 2 1 0 0 0 2 1 2 1 1 1 3 1.01 0.99 0.99 
1 0 0 1 1 2 2 1 1 1 2 2 0 2 0 0 2 1 0 0 0 0 1 2 2 2 1 3 1.02 1.0 0.99 
1 0 0 1 1 2 2 2 1 1 1 2 0 2 0 0 2 1 0 0 0 0 1 2 2 2 1 3 1.02 1.0 0.98 
1 0 0 1 1 2 2 2 1 1 2 2 0 2 0 0 2 1 0 0 0 0 1 2 1 2 1 3 1.02 1.02 0.96 
1 0 0 2 1 2 2 2 1 1 1 2 0 2 0 0 1 1 0 0 0 0 1 2 2 2 1 3 1.02 1.02 0.97 
1 0 0 2 1 2 2 2 1 1 1 2 0 2 0 0 2 1 0 0 0 0 1 2 1 2 1 3 1.02 1.01 0.97 
1 0 0 2 1 2 1 2 1 1 2 2 0 2 0 0 2 1 0 0 0 0 1 2 1 2 1 3 1.02 1.01 0.97 
1 0 0 2 1 2 2 1 1 1 2 2 0 2 0 0 2 1 0 0 0 0 1 2 1 2 1 3 1.02 1.01 0.97 
1 0 0 2 1 2 2 2 1 1 2 2 0 2 0 0 2 1 0 0 0 0 1 2 1 1 1 3 1.02 1.02 0.97 
1 0 0 1 2 1 2 1 2 1 1 1 0 1 0 0 1 2 0 0 0 0 2 2 2 2 2 3 1.02 0.97 1.01 
1 0 0 1 2 2 1 1 2 1 1 1 0 1 0 0 1 2 0 0 0 0 2 2 2 2 2 3 1.02 0.96 1.02 
1 0 0 1 2 2 2 1 1 1 1 2 0 2 0 0 2 1 0 0 0 0 1 2 2 2 1 3 1.02 0.97 1.01 
1 0 0 1 2 1 1 2 2 1 1 1 0 1 0 0 1 2 0 0 0 0 2 2 2 2 2 3 1.02 0.97 1.01 
1 0 0 1 2 1 2 2 2 1 1 1 0 1 0 0 1 2 0 0 0 0 2 1 2 2 2 3 1.02 0.99 0.99 
1 0 0 1 2 2 2 2 1 1 1 2 0 2 0 0 1 1 0 0 0 0 1 2 2 2 1 3 1.02 1.0 0.98 
1 0 0 2 2 1 1 1 2 1 1 1 0 1 0 0 1 2 0 0 0 0 2 2 2 2 2 3 1.02 0.96 1.02 
1 0 0 2 2 1 2 1 2 1 1 1 0 1 0 0 1 2 0 0 0 0 2 1 2 2 2 3 1.02 0.98 1.01 
1 0 0 2 2 2 2 1 1 1 1 2 0 2 0 0 1 1 0 0 0 0 1 2 2 2 1 3 1.02 0.99 1.0 
1 0 0 2 2 1 1 2 2 1 1 1 0 1 0 0 1 2 0 0 0 0 2 1 2 2 2 3 1.02 0.98 1.01 
1 0 0 2 2 1 2 2 2 1 1 1 0 1 0 0 1 2 0 0 0 0 2 1 2 1 2 3 1.02 0.98 1.0 
1 0 0 2 2 2 2 2 1 1 1 2 0 1 0 0 1 1 0 0 0 0 1 2 2 2 1 3 1.02 0.99 0.99 
1 0 0 1 1 2 2 1 1 1 2 2 0 2 0 0 2 1 0 0 0 1 0 2 2 2 1 3 1.03 0.98 0.99 
1 0 0 1 1 2 2 2 1 1 1 2 0 2 0 0 2 1 0 0 0 1 0 2 2 2 1 3 1.03 0.98 0.98 
1 0 0 1 1 2 2 2 1 1 2 2 0 2 0 0 2 1 0 0 0 1 0 2 1 2 1 3 1.03 1.01 0.96 
1 0 0 2 1 2 2 2 1 1 1 2 0 2 0 0 1 1 0 0 0 1 0 2 2 2 1 3 1.03 1.0 0.97 
1 0 0 2 1 2 2 2 1 1 1 2 0 2 0 0 2 1 0 0 0 1 0 2 1 2 1 3 1.03 1.0 0.97 
1 0 0 2 1 2 1 2 1 1 2 2 0 2 0 0 2 1 0 0 0 1 0 2 1 2 1 3 1.03 0.99 0.97 
1 0 0 2 1 2 2 1 1 1 2 2 0 2 0 0 2 1 0 0 0 1 0 2 1 2 1 3 1.03 0.99 0.97 
1 0 0 2 1 2 2 2 1 1 2 2 0 2 0 0 2 1 0 0 0 1 0 2 1 1 1 3 1.03 1.0 0.97 
1 0 0 1 2 2 2 1 1 1 1 2 0 2 0 0 2 1 0 0 0 1 0 2 2 2 1 3 1.03 0.95 1.01 
1 0 0 1 2 2 2 2 1 1 1 2 0 2 0 0 1 1 0 0 0 1 0 2 2 2 1 3 1.03 0.98 0.98 
1 0 0 2 2 2 2 1 1 1 1 2 0 2 0 0 1 1 0 0 0 1 0 2 2 2 1 3 1.03 0.97 1.0 
1 0 0 2 2 2 2 2 1 1 1 2 0 1 0 0 1 1 0 0 0 1 0 2 2 2 1 3 1.03 0.97 0.99 
2 0 0 1 1 2 1 1 1 2 2 2 0 2 0 0 2 1 0 0 0 2 0 2 1 1 1 3 1.03 0.97 0.99 
2 0 0 1 1 2 1 1 1 2 2 2 0 2 0 0 2 1 0 0 0 1 0 2 1 2 1 3 1.03 0.98 0.98 
2 0 0 1 1 2 1 1 1 1 2 2 0 2 0 0 2 1 0 0 0 1 0 2 2 2 1 3 1.03 0.97 1.0 
2 0 0 1 1 2 2 1 1 2 2 2 0 2 0 0 2 1 0 0 0 2 0 1 1 1 1 3 1.03 0.99 0.98 
2 0 0 1 1 2 2 1 1 2 2 2 0 2 0 0 2 1 0 0 0 1 0 2 1 1 1 3 1.03 0.99 0.98 
2 0 0 1 1 2 2 1 1 1 2 2 0 2 0 0 2 1 0 0 0 1 0 2 1 2 1 3 1.03 0.99 0.97 
2 0 0 1 1 2 1 2 1 2 2 2 0 2 0 0 2 1 0 0 0 2 0 1 1 1 1 3 1.03 0.99 0.98 
2 0 0 1 1 2 1 2 1 2 2 2 0 2 0 0 2 1 0 0 0 1 0 2 1 1 1 3 1.03 0.99 0.98 
2 0 0 1 1 2 1 2 1 1 2 2 0 2 0 0 2 1 0 0 0 1 0 2 1 2 1 3 1.03 1.0 0.97 
2 0 0 1 1 1 2 2 1 2 2 2 0 2 0 0 2 1 0 0 0 2 0 1 1 1 1 3 1.03 1.0 0.97 
2 0 0 1 1 2 2 2 1 2 2 2 0 2 0 0 2 1 0 0 0 1 0 1 1 1 1 3 1.03 1.01 0.96 
2 0 0 1 1 2 2 2 1 1 2 2 0 2 0 0 2 1 0 0 0 1 0 2 1 1 1 3 1.03 1.0 0.96 
2 0 0 2 1 1 1 2 1 2 2 2 0 2 0 0 2 1 0 0 0 2 0 1 1 1 1 3 1.03 0.99 0.98 
2 0 0 2 1 2 1 1 1 2 2 2 0 2 0 0 2 1 0 0 0 2 0 1 1 1 1 3 1.03 0.98 0.99 
2 0 0 2 1 2 1 1 1 2 2 2 0 2 0 0 2 1 0 0 0 1 0 2 1 1 1 3 1.03 0.98 0.99 
2 0 0 2 1 2 1 1 1 1 2 2 0 2 0 0 2 1 0 0 0 1 0 2 1 2 1 3 1.03 0.98 0.98 
2 0 0 2 1 2 1 2 1 2 2 2 0 2 0 0 2 1 0 0 0 1 0 1 1 1 1 3 1.03 0.99 0.97 
2 0 0 2 1 2 1 2 1 1 2 2 0 2 0 0 2 1 0 0 0 1 0 2 1 1 1 3 1.03 0.99 0.98 
2 0 0 2 1 2 2 1 1 2 2 2 0 2 0 0 2 1 0 0 0 1 0 1 1 1 1 3 1.03 0.99 0.97 
2 0 0 2 1 2 2 1 1 1 2 2 0 2 0 0 2 1 0 0 0 1 0 2 1 1 1 3 1.03 0.99 0.98 
2 0 0 2 1 1 2 2 1 2 2 1 0 2 0 0 2 1 0 0 0 2 0 1 1 1 1 3 1.03 0.99 0.97 
2 0 0 2 1 1 2 2 1 2 2 2 0 2 0 0 2 1 0 0 0 1 0 1 1 1 1 3 1.03 1.0 0.96 
2 0 0 2 1 2 2 2 1 1 2 2 0 2 0 0 2 1 0 0 0 1 0 1 1 1 1 3 1.03 1.01 0.96 
0 0 0 0 0 1 1 0 2 0 1 1 0 1 2 2 1 2 2 0 2 2 2 1 1 1 2 3 1.04 0.99 0.97 
0 0 0 0 0 2 2 2 1 0 0 2 0 2 1 1 2 1 1 0 1 1 1 2 2 2 1 3 1.05 0.97 0.98 
0 0 0 0 1 1 1 0 2 0 0 1 0 1 2 2 1 2 2 0 2 2 2 1 1 1 2 3 1.01 1.01 0.97 
0 0 0 0 1 1 1 1 2 0 0 1 0 1 2 2 0 2 2 0 2 2 2 1 1 1 2 3 1.04 0.98 0.97 
0 0 0 0 1 2 2 2 1 0 0 2 0 2 1 1 2 1 1 0 1 0 1 2 2 2 1 3 1.03 0.99 0.98 
0 0 0 0 1 2 2 2 1 0 0 2 0 2 1 1 2 1 1 0 1 1 0 2 2 2 1 3 1.05 0.97 0.98 
0 0 0 0 1 2 2 2 1 0 0 2 0 2 1 1 2 1 0 0 1 1 1 2 2 2 1 3 1.02 1.0 0.98 
0 0 0 1 1 1 1 0 2 0 0 1 0 1 2 2 0 2 2 0 2 2 2 1 1 1 2 3 1.03 1.0 0.97 
0 0 0 1 1 1 1 1 2 0 0 1 0 0 2 2 0 2 2 0 2 2 2 1 1 1 2 3 1.04 0.99 0.97 
0 0 0 1 2 1 1 1 2 0 0 1 0 1 2 2 0 2 2 0 2 0 2 1 1 1 2 3 1.05 0.97 0.99 
0 0 0 1 2 1 1 1 2 0 0 1 0 1 2 2 0 2 0 0 2 2 2 1 1 1 2 3 1.04 0.97 1.0 
0 0 0 1 1 2 2 2 1 0 0 2 0 2 1 1 2 1 1 0 1 0 0 2 2 2 1 3 1.05 0.97 0.98 
0 0 0 2 1 2 2 2 1 0 0 2 0 2 1 1 2 1 1 0 1 0 0 2 1 2 1 3 1.05 0.98 0.97 
0 0 0 1 1 2 2 2 1 0 0 2 0 2 1 1 2 1 0 0 1 0 1 2 2 2 1 3 1.02 0.99 0.98 
0 0 0 2 1 2 2 2 1 0 0 2 0 2 1 1 2 1 0 0 1 0 1 2 1 2 1 3 1.02 1.01 0.97 
0 0 0 1 1 2 2 2 1 0 0 2 0 2 1 1 2 1 0 0 1 1 0 2 2 2 1 3 1.04 0.98 0.98 
0 0 0 2 1 2 2 2 1 0 0 2 0 2 1 1 2 1 0 0 1 1 0 2 1 2 1 3 1.04 0.99 0.97 
0 0 0 1 1 2 2 2 1 0 0 2 0 2 1 1 2 1 0 0 0 1 1 2 2 2 1 3 1.03 0.99 0.98 
0 0 0 2 1 2 2 2 1 0 0 2 0 2 1 1 2 1 0 0 0 1 1 2 1 2 1 3 1.03 1.0 0.97 
0 0 0 1 1 2 2 1 1 0 2 2 0 2 1 1 2 1 0 0 0 0 1 2 2 2 1 3 1.04 0.97 0.99 
0 0 0 1 1 2 2 2 1 0 1 2 0 2 1 1 2 1 0 0 0 0 1 2 2 2 1 3 1.04 0.98 0.98 
0 0 0 1 1 2 2 2 1 0 2 2 0 2 1 1 2 1 0 0 0 0 1 2 1 2 1 3 1.04 1.0 0.96 
0 0 0 2 1 2 2 2 1 0 1 2 0 2 1 1 1 1 0 0 0 0 1 2 2 2 1 3 1.04 0.99 0.97 
0 0 0 2 1 2 2 2 1 0 1 2 0 2 1 1 2 1 0 0 0 0 1 2 1 2 1 3 1.04 0.99 0.97 
0 0 0 2 1 2 1 2 1 0 2 2 0 2 1 1 2 1 0 0 0 0 1 2 1 2 1 3 1.04 0.99 0.97 
0 0 0 2 1 2 2 1 1 0 2 2 0 2 1 1 2 1 0 0 0 0 1 2 1 2 1 3 1.04 0.99 0.97 
0 0 0 2 1 2 2 2 1 0 2 2 0 2 1 1 2 1 0 0 0 0 1 2 1 1 1 3 1.04 0.99 0.97 
0 0 0 1 1 2 2 1 1 0 2 2 0 2 1 0 2 1 0 0 0 1 1 2 2 2 1 3 1.02 0.99 0.99 
0 0 0 1 1 2 2 2 1 0 1 2 0 2 1 0 2 1 0 0 0 1 1 2 2 2 1 3 1.02 1.0 0.98 
0 0 0 1 1 2 2 2 1 0 2 2 0 2 1 0 2 1 0 0 0 1 1 2 1 2 1 3 1.02 1.02 0.96 
0 0 0 2 1 2 2 2 1 0 1 2 0 2 1 0 1 1 0 0 0 1 1 2 2 2 1 3 1.02 1.02 0.97 
0 0 0 2 1 2 2 2 1 0 1 2 0 2 1 0 2 1 0 0 0 1 1 2 1 2 1 3 1.02 1.01 0.97 
0 0 0 2 1 2 1 2 1 0 2 2 0 2 1 0 2 1 0 0 0 1 1 2 1 2 1 3 1.02 1.01 0.97 
0 0 0 2 1 2 2 1 1 0 2 2 0 2 1 0 2 1 0 0 0 1 1 2 1 2 1 3 1.02 1.01 0.97 
0 0 0 2 1 2 2 2 1 0 2 2 0 2 1 0 2 1 0 0 0 1 1 2 1 1 1 3 1.02 1.02 0.97 
1 0 0 1 1 2 2 1 1 0 2 2 0 2 1 0 2 1 0 0 0 0 1 2 2 2 1 3 1.02 0.99 0.99 
1 0 0 1 1 2 2 2 1 0 1 2 0 2 1 0 2 1 0 0 0 0 1 2 2 2 1 3 1.02 0.99 0.98 
1 0 0 1 1 2 2 2 1 0 2 2 0 2 1 0 2 1 0 0 0 0 1 2 1 2 1 3 1.02 1.02 0.96 
1 0 0 2 1 2 2 2 1 0 1 2 0 2 1 0 1 1 0 0 0 0 1 2 2 2 1 3 1.02 1.01 0.97 
1 0 0 2 1 2 2 2 1 0 1 2 0 2 1 0 2 1 0 0 0 0 1 2 1 2 1 3 1.02 1.01 0.97 
1 0 0 2 1 2 1 2 1 0 2 2 0 2 1 0 2 1 0 0 0 0 1 2 1 2 1 3 1.02 1.0 0.97 
1 0 0 2 1 2 2 1 1 0 2 2 0 2 1 0 2 1 0 0 0 0 1 2 1 2 1 3 1.02 1.0 0.97 
1 0 0 2 1 2 2 2 1 0 2 2 0 2 1 0 2 1 0 0 0 0 1 2 1 1 1 3 1.02 1.01 0.97 
1 0 0 1 2 2 2 1 1 0 1 2 0 2 1 0 2 1 0 0 0 0 1 2 2 2 1 3 1.02 0.96 1.01 
1 0 0 1 2 2 2 2 1 0 1 2 0 2 1 0 1 1 0 0 0 0 1 2 2 2 1 3 1.02 0.99 0.98 
1 0 0 2 2 2 2 1 1 0 1 2 0 2 1 0 1 1 0 0 0 0 1 2 2 2 1 3 1.02 0.98 1.0 
1 0 0 2 2 2 2 2 1 0 1 2 0 1 1 0 1 1 0 0 0 0 1 2 2 2 1 3 1.02 0.98 0.99 
2 0 0 1 1 2 1 1 1 0 2 2 0 2 1 0 2 1 0 0 0 0 1 2 2 2 1 3 1.02 0.98 1.0 
2 0 0 1 1 2 2 1 1 0 2 2 0 2 1 0 2 1 0 0 0 0 1 2 1 2 1 3 1.02 1.01 0.97 
2 0 0 1 1 2 1 2 1 0 2 2 0 2 1 0 2 1 0 0 0 0 1 2 1 2 1 3 1.02 1.01 0.97 
2 0 0 1 1 2 2 2 1 0 2 2 0 2 1 0 2 1 0 0 0 0 1 2 1 1 1 3 1.02 1.01 0.96 
2 0 0 2 1 2 1 1 1 0 2 2 0 2 1 0 2 1 0 0 0 0 1 2 1 2 1 3 1.02 0.99 0.98 
2 0 0 2 1 2 1 2 1 0 2 2 0 2 1 0 2 1 0 0 0 0 1 2 1 1 1 3 1.02 1.0 0.98 
2 0 0 2 1 2 2 1 1 0 2 2 0 2 1 0 2 1 0 0 0 0 1 2 1 1 1 3 1.02 1.0 0.98 
2 0 0 2 1 2 2 2 1 0 2 2 0 2 1 0 2 1 0 0 0 0 1 1 1 1 1 3 1.02 1.02 0.96 
1 0 0 1 1 2 2 1 1 0 2 2 0 2 1 0 2 1 0 0 0 1 0 2 2 2 1 3 1.04 0.97 0.99 
1 0 0 1 1 2 2 2 1 0 1 2 0 2 1 0 2 1 0 0 0 1 0 2 2 2 1 3 1.04 0.98 0.98 
1 0 0 1 1 2 2 2 1 0 2 2 0 2 1 0 2 1 0 0 0 1 0 2 1 2 1 3 1.04 1.0 0.96 
1 0 0 2 1 2 2 2 1 0 1 2 0 2 1 0 1 1 0 0 0 1 0 2 2 2 1 3 1.04 1.0 0.97 
1 0 0 2 1 2 2 2 1 0 1 2 0 2 1 0 2 1 0 0 0 1 0 2 1 2 1 3 1.04 0.99 0.97 
1 0 0 2 1 2 1 2 1 0 2 2 0 2 1 0 2 1 0 0 0 1 0 2 1 2 1 3 1.04 0.99 0.97 
1 0 0 2 1 2 2 1 1 0 2 2 0 2 1 0 2 1 0 0 0 1 0 2 1 2 1 3 1.04 0.99 0.97 
1 0 0 2 1 2 2 2 1 0 2 2 0 2 1 0 2 1 0 0 0 1 0 2 1 1 1 3 1.04 1.0 0.97 
1 0 0 1 2 2 2 2 1 0 1 2 0 2 1 0 1 1 0 0 0 1 0 2 2 2 1 3 1.04 0.98 0.98 
1 0 0 2 2 2 2 1 1 0 1 2 0 2 1 0 1 1 0 0 0 1 0 2 2 2 1 3 1.04 0.96 1.0 
1 0 0 2 2 2 2 2 1 0 1 2 0 1 1 0 1 1 0 0 0 1 0 2 2 2 1 3 1.04 0.97 0.99 
2 0 0 1 1 2 1 1 1 0 2 2 0 2 1 0 2 1 0 0 0 2 0 2 1 2 1 3 1.04 0.97 0.99 
2 0 0 1 1 2 1 1 1 0 2 2 0 2 1 0 2 1 0 0 0 1 0 2 2 2 1 3 1.04 0.96 1.0 
2 0 0 1 1 2 2 1 1 0 2 2 0 2 1 0 2 1 0 0 0 2 0 2 1 1 1 3 1.04 0.98 0.98 
2 0 0 1 1 2 2 1 1 0 2 2 0 2 1 0 2 1 0 0 0 1 0 2 1 2 1 3 1.04 0.99 0.97 
2 0 0 1 1 2 1 2 1 0 2 2 0 2 1 0 2 1 0 0 0 2 0 2 1 1 1 3 1.04 0.98 0.98 
2 0 0 1 1 2 1 2 1 0 2 2 0 2 1 0 2 1 0 0 0 1 0 2 1 2 1 3 1.04 0.99 0.97 
2 0 0 1 1 2 2 2 1 0 2 2 0 2 1 0 2 1 0 0 0 2 0 1 1 1 1 3 1.04 1.0 0.96 
2 0 0 1 1 2 2 2 1 0 2 2 0 2 1 0 2 1 0 0 0 1 0 2 1 1 1 3 1.04 1.0 0.96 
2 0 0 2 1 2 1 1 1 0 2 2 0 2 1 0 2 1 0 0 0 2 0 2 1 1 1 3 1.04 0.97 0.99 
2 0 0 2 1 2 1 1 1 0 2 2 0 2 1 0 2 1 0 0 0 1 0 2 1 2 1 3 1.04 0.98 0.98 
2 0 0 2 1 2 1 2 1 0 2 2 0 2 1 0 2 1 0 0 0 2 0 1 1 1 1 3 1.04 0.99 0.97 
2 0 0 2 1 2 1 2 1 0 2 2 0 2 1 0 2 1 0 0 0 1 0 2 1 1 1 3 1.04 0.98 0.98 
2 0 0 2 1 2 2 1 1 0 2 2 0 2 1 0 2 1 0 0 0 2 0 1 1 1 1 3 1.04 0.99 0.97 
2 0 0 2 1 2 2 1 1 0 2 2 0 2 1 0 2 1 0 0 0 1 0 2 1 1 1 3 1.04 0.98 0.98 
2 0 0 2 1 1 2 2 1 0 2 2 0 2 1 0 2 1 0 0 0 2 0 1 1 1 1 3 1.04 0.99 0.97 
2 0 0 2 1 2 2 2 1 0 2 2 0 2 1 0 2 1 0 0 0 1 0 1 1 1 1 3 1.04 1.0 0.96 
1 0 0 1 2 2 2 1 1 1 1 2 0 2 1 1 2 1 0 0 0 0 0 2 2 2 1 3 0.95 1.03 1.01 
1 0 0 1 1 2 2 1 1 1 2 2 0 2 1 0 2 1 0 0 0 0 0 2 2 2 1 3 1.04 0.97 0.99 
1 0 0 1 1 2 2 2 1 1 1 2 0 2 1 0 2 1 0 0 0 0 0 2 2 2 1 3 1.04 0.98 0.98 
1 0 0 1 1 2 2 2 1 1 2 2 0 2 1 0 2 1 0 0 0 0 0 2 1 2 1 3 1.04 1.0 0.96 
1 0 0 2 1 2 2 2 1 1 1 2 0 2 1 0 1 1 0 0 0 0 0 2 2 2 1 3 1.04 0.99 0.97 
1 0 0 2 1 2 2 2 1 1 1 2 0 2 1 0 2 1 0 0 0 0 0 2 1 2 1 3 1.04 0.99 0.97 
1 0 0 2 1 2 1 2 1 1 2 2 0 2 1 0 2 1 0 0 0 0 0 2 1 2 1 3 1.04 0.99 0.97 
1 0 0 2 1 2 2 1 1 1 2 2 0 2 1 0 2 1 0 0 0 0 0 2 1 2 1 3 1.04 0.99 0.97 
1 0 0 2 1 2 2 2 1 1 2 2 0 2 1 0 2 1 0 0 0 0 0 2 1 1 1 3 1.04 0.99 0.97 
1 0 0 1 2 1 2 1 2 1 1 1 0 1 2 0 1 2 0 0 0 0 0 2 2 2 2 3 1.04 0.97 0.99 
1 0 0 1 2 2 1 1 2 1 1 1 0 1 2 0 1 2 0 0 0 0 0 2 2 2 2 3 1.04 0.96 0.99 
1 0 0 1 2 1 1 2 2 1 1 1 0 1 2 0 1 2 0 0 0 0 0 2 2 2 2 3 1.04 0.97 0.99 
1 0 0 1 2 1 2 2 2 1 1 1 0 1 2 0 1 2 0 0 0 0 0 1 2 2 2 3 1.04 0.99 0.97 
1 0 0 1 2 2 2 2 1 1 1 2 0 2 1 0 1 1 0 0 0 0 0 2 2 2 1 3 1.04 0.97 0.98 
1 0 0 2 2 1 1 1 2 1 1 1 0 1 2 0 1 2 0 0 0 0 0 2 2 2 2 3 1.04 0.96 1.0 
1 0 0 2 2 1 2 1 2 1 1 1 0 1 2 0 1 2 0 0 0 0 0 1 2 2 2 3 1.04 0.98 0.98 
1 0 0 2 2 2 2 1 1 1 1 2 0 2 1 0 1 1 0 0 0 0 0 2 2 2 1 3 1.04 0.96 1.0 
1 0 0 2 2 1 1 2 2 1 1 1 0 1 2 0 1 2 0 0 0 0 0 1 2 2 2 3 1.04 0.98 0.98 
1 0 0 2 2 1 2 2 2 1 1 1 0 1 2 0 1 2 0 0 0 0 0 1 2 1 2 3 1.04 0.98 0.97 
1 0 0 2 2 2 2 2 1 1 1 2 0 1 1 0 1 1 0 0 0 0 0 2 2 2 1 3 1.04 0.97 0.99 
1 0 1 1 1 2 2 1 0 1 2 2 0 2 0 0 2 0 0 1 0 1 1 2 2 2 0 3 0.98 1.03 0.99 
1 0 1 1 1 2 2 2 0 1 1 2 0 2 0 0 2 0 0 1 0 1 1 2 2 2 0 3 0.98 1.03 0.98 
1 0 1 2 1 2 2 2 0 1 1 2 0 2 0 0 2 0 0 1 0 1 1 2 1 2 0 3 0.98 1.05 0.97 
1 0 1 2 1 2 1 2 0 1 2 2 0 2 0 0 2 0 0 1 0 1 1 2 1 2 0 3 0.98 1.05 0.97 
1 0 1 2 1 2 2 1 0 1 2 2 0 2 0 0 2 0 0 1 0 1 1 2 1 2 0 3 0.98 1.04 0.97 
1 0 1 1 2 2 2 1 0 1 1 2 0 2 0 0 2 0 0 1 0 1 1 2 2 2 0 3 0.98 1.0 1.01 
1 0 1 1 2 2 2 2 0 1 1 2 0 2 0 0 1 0 0 1 0 1 1 2 2 2 0 3 0.98 1.03 0.98 
1 0 1 2 2 2 2 1 0 1 1 2 0 2 0 0 1 0 0 1 0 1 1 2 2 2 0 3 0.98 1.02 1.0 
1 0 1 2 2 2 2 2 0 1 1 2 0 1 0 0 1 0 0 1 0 1 1 2 2 2 0 3 0.98 1.03 0.99 
1 0 1 1 1 2 2 1 0 1 2 2 0 2 0 0 2 1 0 1 0 1 0 2 2 2 0 3 1.02 1.0 0.99 
1 0 1 1 1 2 2 2 0 1 1 2 0 2 0 0 2 1 0 1 0 1 0 2 2 2 0 3 1.02 1.0 0.98 
1 0 1 1 1 2 2 2 0 1 2 2 0 2 0 0 2 1 0 1 0 1 0 2 1 2 0 3 1.02 1.02 0.96 
1 0 1 2 1 2 2 2 0 1 1 2 0 2 0 0 1 1 0 1 0 1 0 2 2 2 0 3 1.02 1.02 0.97 
1 0 1 2 1 2 2 2 0 1 1 2 0 2 0 0 2 1 0 1 0 1 0 2 1 2 0 3 1.02 1.02 0.97 
1 0 1 2 1 2 1 2 0 1 2 2 0 2 0 0 2 1 0 1 0 1 0 2 1 2 0 3 1.02 1.01 0.97 
1 0 1 2 1 2 2 1 0 1 2 2 0 2 0 0 2 1 0 1 0 1 0 2 1 2 0 3 1.02 1.01 0.97 
1 0 1 2 1 2 2 2 0 1 2 2 0 2 0 0 2 1 0 1 0 1 0 2 1 1 0 3 1.02 1.02 0.97 
1 0 1 1 2 2 1 1 0 1 1 2 0 2 0 0 1 2 0 1 0 2 0 2 2 2 0 3 1.02 0.99 1.0 
1 0 1 1 2 2 1 1 0 1 1 2 0 2 0 0 2 2 0 1 0 1 0 2 2 2 0 3 1.02 0.97 1.01 
1 0 1 1 2 2 2 1 0 1 1 2 0 1 0 0 1 2 0 1 0 2 0 2 2 2 0 3 1.02 0.99 0.99 
1 0 1 1 2 2 2 1 0 1 1 2 0 2 0 0 1 2 0 1 0 1 0 2 2 2 0 3 1.02 1.0 0.98 
1 0 1 1 2 2 2 1 0 1 1 2 0 2 0 0 2 1 0 1 0 1 0 2 2 2 0 3 1.02 0.97 1.01 
1 0 1 1 2 2 2 2 0 1 1 1 0 1 0 0 1 2 0 1 0 2 0 2 2 2 0 3 1.02 1.0 0.99 
1 0 1 1 2 2 2 2 0 1 1 2 0 1 0 0 1 2 0 1 0 1 0 2 2 2 0 3 1.02 1.0 0.98 
1 0 1 1 2 2 2 2 0 1 1 2 0 2 0 0 1 1 0 1 0 1 0 2 2 2 0 3 1.02 1.0 0.98 
1 0 1 2 2 2 1 1 0 1 1 2 0 1 0 0 1 2 0 1 0 2 0 2 2 2 0 3 1.02 0.98 1.01 
1 0 1 2 2 2 1 1 0 1 1 2 0 2 0 0 1 2 0 1 0 1 0 2 2 2 0 3 1.02 0.99 1.0 
1 0 1 2 2 2 2 1 0 1 1 1 0 1 0 0 1 2 0 1 0 2 0 2 2 2 0 3 1.02 0.98 1.0 
1 0 1 2 2 2 2 1 0 1 1 2 0 1 0 0 1 2 0 1 0 1 0 2 2 2 0 3 1.02 0.99 0.99 
1 0 1 2 2 2 2 1 0 1 1 2 0 2 0 0 1 1 0 1 0 1 0 2 2 2 0 3 1.02 0.99 1.0 
1 0 1 2 2 1 2 2 0 1 1 1 0 1 0 0 1 2 0 1 0 2 0 2 2 2 0 3 1.02 0.99 0.99 
1 0 1 2 2 2 2 2 0 1 1 1 0 1 0 0 1 2 0 1 0 1 0 2 2 2 0 3 1.02 1.0 0.99 
1 0 1 2 2 2 2 2 0 1 1 2 0 1 0 0 1 1 0 1 0 1 0 2 2 2 0 3 1.02 0.99 0.99 
2 0 1 1 1 2 1 1 0 1 2 2 0 2 0 0 2 1 0 1 0 1 0 2 2 2 0 3 1.02 0.99 1.0 
2 0 1 1 1 2 2 1 0 1 2 2 0 2 0 0 2 1 0 1 0 1 0 2 1 2 0 3 1.02 1.01 0.97 
2 0 1 1 1 2 1 2 0 1 2 2 0 2 0 0 2 1 0 1 0 1 0 2 1 2 0 3 1.02 1.01 0.97 
2 0 1 1 1 2 2 2 0 1 2 2 0 2 0 0 2 1 0 1 0 1 0 2 1 1 0 3 1.02 1.02 0.96 
2 0 1 2 1 2 1 1 0 1 2 2 0 2 0 0 2 1 0 1 0 1 0 2 1 2 0 3 1.02 1.0 0.98 
2 0 1 2 1 2 1 2 0 1 2 2 0 2 0 0 2 1 0 1 0 1 0 2 1 1 0 3 1.02 1.01 0.98 
2 0 1 2 1 2 2 1 0 1 2 2 0 2 0 0 2 1 0 1 0 1 0 2 1 1 0 3 1.02 1.01 0.98 
2 0 1 2 1 2 2 2 0 1 2 2 0 2 0 0 2 1 0 1 0 1 0 1 1 1 0 3 1.02 1.02 0.96 
2 0 1 1 1 2 1 1 0 2 2 2 0 2 0 0 2 1 0 1 0 1 0 2 1 2 0 3 1.02 1.0 0.98 
2 0 1 1 1 2 2 1 0 2 2 2 0 2 0 0 2 1 0 1 0 1 0 2 1 1 0 3 1.02 1.01 0.98 
2 0 1 1 1 2 1 2 0 2 2 2 0 2 0 0 2 1 0 1 0 1 0 2 1 1 0 3 1.02 1.01 0.98 
2 0 1 1 1 2 2 2 0 2 2 2 0 2 0 0 2 1 0 1 0 1 0 1 1 1 0 3 1.02 1.02 0.96 
2 0 1 2 1 2 1 1 0 2 2 2 0 2 0 0 2 1 0 1 0 1 0 2 1 1 0 3 1.02 1.0 0.99 
2 0 1 2 1 2 1 2 0 2 2 2 0 2 0 0 2 1 0 1 0 1 0 1 1 1 0 3 1.02 1.01 0.97 
2 0 1 2 1 2 2 1 0 2 2 2 0 2 0 0 2 1 0 1 0 1 0 1 1 1 0 3 1.02 1.01 0.97 
2 0 1 2 1 1 2 2 0 2 2 2 0 2 0 0 2 1 0 1 0 1 0 1 1 1 0 3 1.02 1.02 0.96 
1 0 1 1 1 2 2 1 1 1 2 2 0 2 0 0 2 1 0 1 0 0 0 2 2 2 0 3 1.01 1.0 0.99 
1 0 1 1 1 2 2 2 1 1 1 2 0 2 0 0 2 1 0 1 0 0 0 2 2 2 0 3 1.01 1.0 0.98 
1 0 1 1 1 2 2 2 1 1 2 2 0 2 0 0 2 1 0 1 0 0 0 2 1 2 0 3 1.01 1.03 0.96 
1 0 1 2 1 2 2 2 1 1 1 2 0 2 0 0 1 1 0 1 0 0 0 2 2 2 0 3 1.01 1.02 0.97 
1 0 1 2 1 2 2 2 1 1 1 2 0 2 0 0 2 1 0 1 0 0 0 2 1 2 0 3 1.01 1.02 0.97 
1 0 1 2 1 2 1 2 1 1 2 2 0 2 0 0 2 1 0 1 0 0 0 2 1 2 0 3 1.01 1.01 0.97 
1 0 1 2 1 2 2 1 1 1 2 2 0 2 0 0 2 1 0 1 0 0 0 2 1 2 0 3 1.01 1.01 0.97 
1 0 1 2 1 2 2 2 1 1 2 2 0 2 0 0 2 1 0 1 0 0 0 2 1 1 0 3 1.01 1.02 0.97 
1 0 1 1 2 2 1 1 2 1 1 2 0 2 0 0 1 2 0 1 0 0 0 2 2 2 0 3 1.01 0.99 1.0 
1 0 1 1 2 2 2 1 2 1 1 2 0 1 0 0 1 2 0 1 0 0 0 2 2 2 0 3 1.01 0.99 1.0 
1 0 1 1 2 2 2 1 1 1 1 2 0 2 0 0 2 1 0 1 0 0 0 2 2 2 0 3 1.01 0.97 1.01 
1 0 1 1 2 2 2 2 2 1 1 1 0 1 0 0 1 2 0 1 0 0 0 2 2 2 0 3 1.01 1.0 0.99 
1 0 1 1 2 2 2 2 1 1 1 2 0 2 0 0 1 1 0 1 0 0 0 2 2 2 0 3 1.01 1.0 0.98 
1 0 1 2 2 2 1 1 2 1 1 2 0 1 0 0 1 2 0 1 0 0 0 2 2 2 0 3 1.01 0.98 1.01 
1 0 1 2 2 2 2 1 2 1 1 1 0 1 0 0 1 2 0 1 0 0 0 2 2 2 0 3 1.01 0.98 1.0 
1 0 1 2 2 2 2 1 1 1 1 2 0 2 0 0 1 1 0 1 0 0 0 2 2 2 0 3 1.01 0.99 1.0 
1 0 1 2 2 1 2 2 2 1 1 1 0 1 0 0 1 2 0 1 0 0 0 2 2 2 0 3 1.01 0.99 1.0 
1 0 1 2 2 2 2 2 1 1 1 2 0 1 0 0 1 1 0 1 0 0 0 2 2 2 0 3 1.01 0.99 0.99 
0 2 0 0 0 1 1 0 2 0 1 1 0 1 2 2 1 0 2 0 2 2 2 1 1 1 2 3 1.01 0.99 1.0 
0 2 0 0 0 1 1 0 2 0 1 1 0 1 2 2 1 2 2 0 2 0 2 1 1 1 2 3 1.03 0.99 0.98 
0 2 0 0 0 1 1 0 2 0 1 1 0 1 2 2 1 2 2 0 2 2 0 1 1 1 2 3 1.04 0.99 0.97 
0 1 0 0 0 2 2 2 1 0 0 2 0 2 1 1 2 0 1 0 1 1 1 2 2 2 1 3 1.02 1.0 0.98 
0 1 0 0 0 2 2 2 1 0 0 2 0 2 1 1 2 1 1 0 1 0 1 2 2 2 1 3 1.03 0.98 0.98 
0 1 0 0 0 2 2 2 1 0 0 2 0 2 1 1 2 1 1 0 1 1 0 2 2 2 1 3 1.05 0.97 0.98 
0 2 0 0 0 1 1 1 2 0 1 1 0 1 2 2 1 0 2 0 2 2 2 1 0 1 2 3 1.04 0.96 1.0 
0 1 0 2 0 2 2 2 1 0 0 2 0 2 1 1 0 0 1 0 1 1 1 2 2 2 1 3 1.03 1.0 0.97 
0 1 0 2 0 2 2 2 1 0 0 2 0 2 1 1 0 1 1 0 1 0 1 2 2 2 1 3 1.05 0.98 0.97 
0 1 0 2 0 2 2 2 1 0 0 2 0 2 1 1 2 0 1 0 1 1 1 2 0 2 1 3 1.03 1.0 0.97 
0 2 0 1 0 1 1 1 2 0 0 1 0 1 2 2 1 2 2 0 2 0 2 1 0 1 2 3 1.05 0.97 0.98 
0 1 0 2 0 2 0 2 1 0 2 2 0 2 1 1 2 0 1 0 1 1 1 2 0 2 1 3 1.03 1.0 0.97 
0 1 0 2 0 2 2 0 1 0 2 2 0 2 1 1 2 0 1 0 1 1 1 2 0 2 1 3 1.03 1.0 0.97 
0 1 0 2 0 2 2 2 1 0 2 2 0 2 1 1 2 0 1 0 1 1 1 2 0 0 1 3 1.03 1.0 0.97 
0 2 0 1 0 1 0 1 2 0 1 1 0 1 2 2 1 2 2 0 2 0 2 1 0 1 2 3 1.04 0.97 0.98 
0 2 0 1 0 1 1 0 2 0 1 1 0 1 2 2 1 2 2 0 2 0 2 1 0 1 2 3 1.04 0.97 0.98 
0 1 0 2 0 2 2 2 1 0 2 2 0 2 1 1 2 1 1 0 1 0 1 2 0 0 1 3 1.05 0.98 0.97 
0 2 0 0 1 1 0 0 2 0 0 1 0 1 2 2 1 1 2 0 2 2 2 1 1 1 2 3 0.99 1.01 1.0 
0 2 0 0 1 1 1 0 2 0 0 1 0 1 2 2 0 1 2 0 2 2 2 1 1 1 2 3 1.02 0.98 1.0 
0 2 0 0 1 1 1 0 2 0 0 1 0 1 2 2 1 0 2 0 2 2 2 1 1 1 2 3 0.98 1.01 1.0 
0 2 0 0 1 1 1 0 2 0 0 1 0 1 2 2 1 2 2 0 2 0 2 1 1 1 2 3 1.0 1.01 0.98 
0 2 0 0 1 1 1 0 2 0 0 1 0 1 2 2 1 2 2 0 2 2 0 1 1 1 2 3 1.02 1.01 0.97 
0 1 0 0 2 2 2 2 1 0 0 2 0 0 1 1 0 2 1 0 1 1 1 2 2 2 1 3 1.02 1.0 0.98 
0 2 0 0 1 1 1 1 2 0 0 1 0 1 2 2 0 0 2 0 2 2 2 1 1 1 2 3 1.01 0.98 1.0 
0 1 0 0 2 2 2 2 1 0 0 2 0 2 1 1 0 1 1 0 1 0 1 2 2 2 1 3 1.03 0.98 0.98 
0 1 0 0 2 2 2 2 1 0 0 2 0 2 1 1 0 1 1 0 1 1 0 2 2 2 1 3 1.05 0.97 0.98 
0 1 0 0 1 2 2 2 1 0 0 2 0 2 1 1 2 1 1 0 1 0 0 2 2 2 1 3 1.03 0.98 0.98 
0 2 0 1 1 1 0 0 2 0 0 1 0 1 2 2 0 1 2 0 2 2 2 1 1 1 2 3 1.0 1.0 1.0 
0 2 0 1 1 1 1 0 2 0 0 1 0 0 2 2 0 1 2 0 2 2 2 1 1 1 2 3 1.01 0.99 1.0 
0 2 0 1 1 1 1 0 2 0 0 1 0 1 2 2 0 0 2 0 2 2 2 1 1 1 2 3 1.0 1.0 1.0 
0 2 0 1 1 1 1 0 2 0 0 1 0 1 2 2 0 2 2 0 2 0 2 1 1 1 2 3 1.02 1.0 0.98 
0 2 0 1 1 1 1 0 2 0 0 1 0 1 2 2 0 2 2 0 2 2 0 1 1 1 2 3 1.04 1.0 0.97 
0 1 0 2 2 2 2 2 1 0 0 0 0 0 1 1 0 2 1 0 1 1 1 2 2 2 1 3 1.01 1.0 0.99 
0 1 0 2 2 2 2 2 1 0 0 2 0 0 1 1 0 0 1 0 1 1 1 2 2 2 1 3 1.01 1.0 0.99 
0 1 0 2 2 2 2 2 1 0 0 2 0 0 1 1 0 1 1 0 1 0 1 2 2 2 1 3 1.02 0.98 0.99 
0 1 0 2 2 2 2 2 1 0 0 2 0 0 1 1 0 1 1 0 1 1 0 2 2 2 1 3 1.04 0.97 0.99 
