33
9
0 5 6 3 2 5 3 4 4 1 5 5 1 0 4 2 5 3 3 1 1 0 6 6 2 2 1 3 4 0 6 0 4 7 1.0 1.02 0.96 1.04 0.99 1.03 0.95 
1 5 4 3 1 5 3 0 5 6 5 5 2 0 0 6 2 3 3 2 6 2 4 4 1 2 6 3 6 1 4 0 0 7 0.97 0.95 1.02 1.04 0.95 1.03 1.04 
1 4 6 5 1 4 5 0 4 3 4 4 2 0 0 2 2 5 5 3 3 2 6 6 1 2 3 5 3 1 6 0 0 7 0.97 0.95 1.04 1.02 1.03 1.04 0.95 
1 4 6 5 1 4 5 4 3 3 3 4 2 0 0 3 3 5 5 2 2 2 6 6 1 2 0 5 0 1 6 0 4 7 0.95 0.95 1.05 1.02 1.04 1.04 0.95 
1 4 5 6 1 5 6 4 3 3 3 4 2 0 0 3 3 6 6 2 2 2 5 5 1 2 0 6 0 1 4 0 4 7 0.95 0.95 1.05 1.02 1.03 0.96 1.04 
1 5 6 3 1 5 3 5 4 4 4 5 2 0 0 4 2 3 3 2 4 2 6 6 1 2 0 3 0 1 6 0 5 7 0.95 0.95 1.02 1.04 1.05 1.04 0.95 
1 5 6 3 1 6 3 5 4 4 4 5 2 0 0 4 2 3 3 2 4 2 6 6 1 2 0 3 0 1 5 0 5 7 0.95 0.95 1.02 1.04 1.05 1.03 0.96 
1 4 6 5 1 4 5 4 3 3 3 4 2 0 0 2 2 5 5 3 3 2 6 6 1 2 0 5 0 1 6 0 4 7 0.95 0.95 1.04 1.03 1.04 1.04 0.95 
1 4 5 6 1 5 6 4 3 3 3 4 2 0 0 2 2 6 6 3 3 2 5 5 1 2 0 6 0 1 4 0 4 7 0.95 0.95 1.04 1.03 1.03 0.96 1.04 
