19
597
0 1 0 0 0 0 1 1 0 1 0 1 0 1 1 0 1 1 1 2 1.01 0.99 
0 1 0 0 0 0 1 1 0 0 0 1 1 1 1 0 1 1 1 2 0.98 1.02 
0 1 0 0 0 0 1 1 0 1 0 1 1 1 1 0 1 1 0 2 1.0 1.0 
0 1 0 0 0 0 1 1 0 1 0 1 1 1 0 0 1 1 1 2 0.98 1.02 
0 1 0 0 0 0 1 1 0 1 0 1 1 1 1 0 1 0 1 2 1.0 1.0 
0 1 0 0 0 0 0 1 0 1 0 1 1 1 1 0 1 1 1 2 0.97 1.03 
0 1 0 0 0 0 1 1 0 1 0 1 1 0 1 0 1 1 1 2 0.97 1.03 
0 0 0 0 0 1 1 1 0 0 0 1 1 1 1 0 1 1 1 2 0.97 1.03 
0 1 0 0 0 1 1 1 0 0 0 1 1 0 1 0 1 1 1 2 0.96 1.04 
0 1 0 0 0 1 1 1 0 1 0 1 1 1 1 0 1 0 0 2 1.01 0.99 
0 1 0 0 0 1 1 1 0 1 0 1 1 0 1 0 1 1 0 2 0.98 1.02 
0 1 0 0 0 1 1 1 0 1 0 0 1 1 0 0 1 1 1 2 0.96 1.04 
0 1 0 0 0 1 1 1 0 1 0 0 1 0 0 0 1 1 1 2 1.05 0.95 
0 1 0 0 0 1 1 1 0 1 0 1 1 1 0 0 1 0 1 2 0.99 1.01 
0 1 0 0 0 1 1 1 0 1 0 1 1 0 0 0 1 1 1 2 0.96 1.04 
0 1 0 0 0 1 1 1 0 1 0 1 1 0 1 0 1 0 1 2 0.98 1.02 
0 0 0 0 0 1 0 1 0 1 0 1 1 1 1 0 1 1 1 2 0.96 1.04 
0 0 0 0 0 1 0 1 0 1 0 1 1 0 1 0 1 1 1 2 1.05 0.95 
0 0 0 0 0 1 0 0 0 1 0 1 1 1 1 0 1 1 1 2 1.05 0.95 
0 1 0 0 0 1 0 0 0 1 0 1 1 1 1 0 0 1 1 2 1.05 0.95 
0 1 0 0 0 1 0 0 0 1 0 1 1 0 1 0 1 1 1 2 1.03 0.97 
0 0 0 0 0 1 1 1 0 1 0 1 1 0 1 0 1 1 1 2 0.96 1.04 
0 1 0 0 1 0 1 1 0 1 0 1 0 1 1 0 1 1 0 2 1.03 0.97 
0 1 0 0 1 0 1 1 0 1 0 1 0 0 1 0 1 1 1 2 1.0 1.0 
0 0 0 0 1 0 1 1 0 0 0 1 1 1 1 0 1 1 1 2 0.99 1.01 
0 1 0 0 1 0 1 1 0 0 0 1 1 0 1 0 1 1 1 2 0.98 1.02 
0 1 0 0 1 0 1 1 0 1 0 1 1 1 1 0 1 0 0 2 1.02 0.98 
0 1 0 0 1 0 1 1 0 1 0 1 1 0 1 0 1 1 0 2 1.0 1.0 
0 1 0 0 1 0 1 1 0 1 0 0 1 1 0 0 1 1 1 2 0.97 1.03 
0 1 0 0 1 0 1 1 0 1 0 1 1 1 0 0 1 0 1 2 1.0 1.0 
0 1 0 0 1 0 1 1 0 1 0 1 1 0 0 0 1 1 1 2 0.98 1.02 
0 1 0 0 1 0 1 1 0 1 0 1 1 0 1 0 1 0 1 2 0.99 1.01 
0 0 0 0 1 0 0 1 0 1 0 1 1 1 1 0 1 1 1 2 0.97 1.03 
0 1 0 0 1 0 0 0 0 1 0 1 1 1 1 0 1 1 1 2 0.96 1.04 
0 1 0 0 1 0 0 0 0 1 0 1 1 0 1 0 1 1 1 2 1.05 0.95 
0 1 0 0 1 0 0 1 0 1 0 1 1 0 1 0 1 1 1 2 0.96 1.04 
0 0 0 0 1 0 1 1 0 1 0 1 1 0 1 0 1 1 1 2 0.98 1.02 
0 1 0 0 1 1 1 1 0 1 0 1 0 1 1 0 1 0 0 2 1.04 0.96 
0 1 0 0 1 1 1 1 0 1 0 1 0 0 1 0 1 1 0 2 1.01 0.99 
0 0 0 0 1 1 1 1 0 0 0 1 1 0 1 0 1 1 1 2 0.97 1.03 
0 1 0 0 1 1 1 1 0 1 0 1 1 1 0 0 1 0 0 2 1.01 0.99 
0 1 0 0 1 1 1 1 0 1 0 1 1 0 1 0 1 0 0 2 1.0 1.0 
0 1 0 0 1 1 1 0 0 1 0 0 1 1 0 0 0 1 1 2 1.05 0.95 
0 1 0 0 1 1 1 1 0 1 0 0 1 1 0 0 0 1 1 2 0.96 1.04 
0 1 0 0 1 1 1 1 0 1 0 0 1 1 0 0 1 0 1 2 0.98 1.02 
0 1 0 0 1 1 1 1 0 1 0 1 1 0 0 0 1 0 1 2 0.98 1.02 
0 0 0 0 1 1 0 1 0 1 0 1 1 0 1 0 1 1 1 2 0.95 1.05 
0 0 0 0 1 1 0 0 0 1 0 1 1 0 1 0 1 1 1 2 1.04 0.96 
0 1 0 0 1 1 0 0 0 1 0 0 1 1 1 0 0 1 1 2 1.04 0.96 
0 1 0 0 1 1 0 0 0 1 0 1 1 0 1 0 0 1 1 2 1.04 0.96 
0 1 0 1 1 0 1 1 0 1 0 1 0 1 1 0 1 0 0 2 1.04 0.96 
0 1 0 1 1 0 1 1 0 1 0 1 0 0 1 0 1 1 0 2 1.01 0.99 
0 0 0 1 1 0 1 1 0 0 0 1 1 0 1 0 1 1 1 2 0.97 1.03 
0 1 0 1 1 0 1 1 0 1 0 1 1 1 0 0 1 0 0 2 1.02 0.98 
0 1 0 1 1 0 1 1 0 1 0 1 1 0 1 0 1 0 0 2 1.01 0.99 
0 1 0 1 1 0 1 1 0 1 0 0 1 1 0 0 0 1 1 2 0.97 1.03 
0 1 0 1 1 0 1 1 0 1 0 0 1 1 0 0 1 0 1 2 0.98 1.02 
0 1 0 1 1 0 1 1 0 1 0 0 1 0 0 0 1 1 1 2 0.96 1.04 
0 1 0 1 1 0 1 1 0 1 0 1 1 0 0 0 1 0 1 2 0.99 1.01 
0 0 0 1 1 0 0 1 0 1 0 1 1 0 1 0 1 1 1 2 0.96 1.04 
0 0 0 1 1 0 0 0 0 1 0 1 1 0 1 0 1 1 1 2 1.04 0.96 
0 0 0 1 1 0 0 0 0 1 0 1 1 1 1 0 1 1 1 2 0.95 1.05 
0 1 0 1 1 0 0 0 0 1 0 0 1 1 1 0 0 1 1 2 1.04 0.96 
0 1 0 1 1 0 0 0 0 1 0 1 1 1 1 0 0 1 1 2 0.96 1.04 
0 1 0 1 1 0 0 0 0 1 0 1 1 0 1 0 0 1 1 2 1.05 0.95 
0 1 0 1 1 1 1 1 0 1 0 1 0 1 0 0 1 0 0 2 1.03 0.97 
0 1 0 1 1 1 1 1 0 1 0 1 0 0 1 0 1 0 0 2 1.02 0.98 
0 0 0 1 0 1 0 1 0 0 0 1 1 0 1 0 1 1 1 2 1.04 0.96 
0 0 0 1 0 1 1 1 0 0 0 1 1 0 1 0 1 1 1 2 0.96 1.04 
0 1 0 1 0 1 1 1 0 1 0 1 1 1 0 0 1 0 0 2 1.0 1.0 
0 1 0 1 0 1 1 1 0 1 0 1 1 0 1 0 1 0 0 2 0.99 1.01 
0 1 0 1 0 1 1 0 0 1 0 0 1 1 0 0 0 1 1 2 1.04 0.96 
0 1 0 1 0 1 1 1 0 1 0 0 1 1 0 0 0 1 1 2 0.95 1.05 
0 1 0 1 0 1 1 1 0 1 0 0 1 0 0 0 0 1 1 2 1.04 0.96 
0 1 0 1 0 1 1 1 0 1 0 0 1 1 0 0 1 0 1 2 0.97 1.03 
0 1 0 1 0 1 1 1 0 1 0 1 1 0 0 0 1 0 1 2 0.97 1.03 
0 0 0 1 0 1 0 0 0 1 0 1 1 0 1 0 1 1 1 2 1.03 0.97 
0 0 0 1 0 1 0 0 0 1 0 1 1 1 1 0 0 1 1 2 1.04 0.96 
0 1 0 1 0 1 0 0 0 1 0 0 1 1 1 0 0 1 1 2 1.03 0.97 
0 1 0 1 0 1 0 0 0 1 0 1 1 0 1 0 0 1 1 2 1.03 0.97 
0 0 0 1 1 1 0 0 0 0 0 1 1 0 1 0 1 1 1 2 1.03 0.97 
0 1 0 1 1 1 1 1 0 1 0 0 1 1 0 0 1 0 0 2 0.99 1.01 
0 1 0 1 1 1 1 1 0 1 0 1 1 0 0 0 1 0 0 2 0.99 1.01 
0 1 0 1 1 1 0 0 0 1 0 0 1 1 0 0 0 1 1 2 1.03 0.97 
0 1 0 1 1 1 1 0 0 1 0 0 1 0 0 0 0 1 1 2 1.03 0.97 
0 1 0 1 1 1 1 1 0 1 0 0 1 1 0 0 0 0 1 2 0.98 1.02 
0 1 0 1 1 1 1 1 0 1 0 0 1 0 0 0 1 0 1 2 0.96 1.04 
0 0 0 1 1 1 0 0 0 1 0 1 1 0 1 0 0 1 1 2 1.04 0.96 
0 0 0 1 1 1 0 0 0 1 0 0 1 1 1 0 0 1 1 2 1.03 0.97 
0 1 0 1 1 1 0 0 0 1 0 0 1 0 1 0 0 1 1 2 1.02 0.98 
0 0 1 0 0 0 1 1 0 0 0 1 1 1 1 0 1 1 1 2 0.98 1.02 
0 1 1 0 0 0 1 1 0 0 0 1 1 0 1 0 1 1 1 2 0.97 1.03 
0 1 1 0 0 0 1 1 0 1 0 1 1 1 1 0 1 0 0 2 1.02 0.98 
0 1 1 0 0 0 1 1 0 1 0 1 1 0 1 0 1 1 0 2 0.99 1.01 
0 1 1 0 0 0 1 1 0 1 0 0 1 1 0 0 1 1 1 2 0.96 1.04 
0 1 1 0 0 0 1 1 0 1 0 1 1 1 0 0 1 0 1 2 1.0 1.0 
0 1 1 0 0 0 1 1 0 1 0 1 1 0 0 0 1 1 1 2 0.97 1.03 
0 1 1 0 0 0 1 1 0 1 0 1 1 0 1 0 1 0 1 2 0.99 1.01 
0 0 1 0 0 0 0 1 0 1 0 1 1 1 1 0 1 1 1 2 0.97 1.03 
0 1 1 0 0 0 0 0 0 1 0 1 1 1 1 0 1 1 1 2 0.95 1.05 
0 1 1 0 0 0 0 0 0 1 0 1 1 0 1 0 1 1 1 2 1.04 0.96 
0 1 1 0 0 0 0 1 0 1 0 1 1 0 1 0 1 1 1 2 0.95 1.05 
0 0 1 0 0 0 1 1 0 1 0 1 1 0 1 0 1 1 1 2 0.97 1.03 
0 0 1 0 0 1 0 1 0 0 0 1 1 0 1 0 1 1 1 2 1.04 0.96 
0 0 1 0 0 1 1 1 0 0 0 1 1 0 1 0 1 1 1 2 0.96 1.04 
0 1 1 0 0 1 1 1 0 1 0 1 1 1 0 0 1 0 0 2 1.0 1.0 
0 1 1 0 0 1 1 1 0 1 0 1 1 0 1 0 1 0 0 2 0.99 1.01 
0 1 1 0 0 1 1 0 0 1 0 0 1 1 0 0 0 1 1 2 1.04 0.96 
0 1 1 0 0 1 1 1 0 1 0 0 1 1 0 0 0 1 1 2 0.95 1.05 
0 1 1 0 0 1 1 1 0 1 0 0 1 0 0 0 0 1 1 2 1.04 0.96 
0 1 1 0 0 1 1 1 0 1 0 0 1 1 0 0 1 0 1 2 0.97 1.03 
0 1 1 0 0 1 1 1 0 1 0 1 1 0 0 0 1 0 1 2 0.97 1.03 
0 0 1 0 0 1 0 0 0 1 0 1 1 0 1 0 1 1 1 2 1.03 0.97 
0 0 1 0 0 1 0 0 0 1 0 1 1 1 1 0 0 1 1 2 1.04 0.96 
0 1 1 0 0 1 0 0 0 1 0 0 1 1 1 0 0 1 1 2 1.03 0.97 
0 1 1 0 0 1 0 0 0 1 0 1 1 0 1 0 0 1 1 2 1.03 0.97 
0 0 1 0 1 0 1 1 0 0 0 1 1 0 1 0 1 1 1 2 0.97 1.03 
0 1 1 0 1 0 1 1 0 1 0 1 1 1 0 0 1 0 0 2 1.02 0.98 
0 1 1 0 1 0 1 1 0 1 0 1 1 0 1 0 1 0 0 2 1.01 0.99 
0 1 1 0 1 0 1 1 0 1 0 0 1 1 0 0 0 1 1 2 0.97 1.03 
0 1 1 0 1 0 1 1 0 1 0 0 1 1 0 0 1 0 1 2 0.99 1.01 
0 1 1 0 1 0 1 1 0 1 0 0 1 0 0 0 1 1 1 2 0.96 1.04 
0 1 1 0 1 0 1 1 0 1 0 1 1 0 0 0 1 0 1 2 0.99 1.01 
0 0 1 0 1 0 0 1 0 1 0 1 1 0 1 0 1 1 1 2 0.96 1.04 
0 0 1 0 1 0 0 0 0 1 0 1 1 0 1 0 1 1 1 2 1.04 0.96 
0 0 1 0 1 0 0 0 0 1 0 1 1 1 1 0 1 1 1 2 0.96 1.04 
0 1 1 0 1 0 0 0 0 1 0 0 1 1 1 0 0 1 1 2 1.04 0.96 
0 1 1 0 1 0 0 0 0 1 0 1 1 1 1 0 0 1 1 2 0.96 1.04 
0 1 1 0 1 0 0 0 0 1 0 1 1 0 1 0 0 1 1 2 1.05 0.95 
0 0 1 0 1 1 0 0 0 0 0 1 1 0 1 0 1 1 1 2 1.03 0.97 
0 1 1 0 1 1 1 1 0 1 0 1 0 1 0 0 1 0 0 2 1.03 0.97 
0 1 1 0 1 1 1 1 0 1 0 1 0 0 1 0 1 0 0 2 1.02 0.98 
0 1 1 0 1 1 1 1 0 1 0 0 1 1 0 0 1 0 0 2 0.99 1.01 
0 1 1 0 1 1 1 1 0 1 0 1 1 0 0 0 1 0 0 2 1.0 1.0 
0 1 1 0 1 1 0 0 0 1 0 0 1 1 0 0 0 1 1 2 1.03 0.97 
0 1 1 0 1 1 1 0 0 1 0 0 1 0 0 0 0 1 1 2 1.03 0.97 
0 1 1 0 1 1 1 1 0 1 0 0 1 1 0 0 0 0 1 2 0.98 1.02 
0 1 1 0 1 1 1 1 0 1 0 0 1 0 0 0 1 0 1 2 0.96 1.04 
0 0 1 0 1 1 0 0 0 1 0 1 1 0 1 0 0 1 1 2 1.04 0.96 
0 0 1 0 1 1 0 0 0 1 0 0 1 1 1 0 0 1 1 2 1.03 0.97 
0 1 1 0 1 1 0 0 0 1 0 0 1 0 1 0 0 1 1 2 1.02 0.98 
0 0 1 1 0 0 1 1 0 0 0 1 1 0 1 0 1 1 1 2 0.96 1.04 
0 1 1 1 0 0 1 1 0 1 0 1 1 1 0 0 1 0 0 2 1.01 0.99 
0 1 1 1 0 0 1 1 0 1 0 1 1 0 1 0 1 0 0 2 1.0 1.0 
0 1 1 1 0 0 1 0 0 1 0 0 1 1 0 0 0 1 1 2 1.05 0.95 
0 1 1 1 0 0 1 1 0 1 0 0 1 1 0 0 0 1 1 2 0.96 1.04 
0 1 1 1 0 0 1 1 0 1 0 0 1 1 0 0 1 0 1 2 0.98 1.02 
0 1 1 1 0 0 1 1 0 1 0 1 1 0 0 0 1 0 1 2 0.98 1.02 
0 0 1 1 0 0 0 0 0 1 0 1 1 0 1 0 1 1 1 2 1.04 0.96 
0 0 1 1 0 0 0 0 0 1 0 1 1 1 1 0 0 1 1 2 1.05 0.95 
0 1 1 1 0 0 0 0 0 1 0 0 1 1 1 0 0 1 1 2 1.03 0.97 
0 1 1 1 0 0 0 0 0 1 0 1 1 0 1 0 0 1 1 2 1.04 0.96 
0 0 1 1 0 1 0 0 0 0 0 1 1 0 1 0 1 1 1 2 1.02 0.98 
0 1 1 1 0 1 1 1 0 1 0 0 1 1 0 0 1 0 0 2 0.98 1.02 
0 1 1 1 0 1 1 1 0 1 0 1 1 0 0 0 1 0 0 2 0.99 1.01 
0 1 1 1 0 1 0 0 0 1 0 0 1 1 0 0 0 1 1 2 1.02 0.98 
0 1 1 1 0 1 1 0 0 1 0 0 1 0 0 0 0 1 1 2 1.03 0.97 
0 1 1 1 0 1 1 1 0 1 0 0 1 1 0 0 0 0 1 2 0.97 1.03 
0 1 1 1 0 1 1 1 0 1 0 0 1 0 0 0 1 0 1 2 0.95 1.05 
0 0 1 1 0 1 0 0 0 1 0 1 1 0 1 0 0 1 1 2 1.03 0.97 
0 0 1 1 0 1 0 0 0 1 0 0 1 1 1 0 0 1 1 2 1.02 0.98 
0 1 1 1 0 1 0 0 0 1 0 0 1 0 1 0 0 1 1 2 1.01 0.99 
0 0 1 1 1 1 0 0 0 0 0 1 1 0 1 0 0 1 1 2 1.03 0.97 
0 1 1 1 1 0 1 1 0 1 0 1 0 1 0 0 1 0 0 2 1.04 0.96 
0 1 1 1 1 0 1 1 0 1 0 1 0 0 1 0 1 0 0 2 1.03 0.97 
0 1 1 1 1 1 1 1 0 1 0 0 0 1 0 0 1 0 0 2 1.01 0.99 
0 1 1 1 1 1 1 1 0 1 0 1 0 0 0 0 1 0 0 2 1.01 0.99 
0 1 1 1 1 1 1 1 0 1 0 0 1 1 0 0 0 0 0 2 0.99 1.01 
0 1 1 1 1 1 1 1 0 1 0 0 1 0 0 0 1 0 0 2 0.98 1.02 
0 0 1 1 1 1 0 0 0 1 0 0 1 1 0 0 0 1 1 2 1.03 0.97 
0 1 1 1 1 1 0 0 0 1 0 0 1 0 0 0 0 1 1 2 1.01 0.99 
0 1 1 1 1 1 0 0 0 1 0 0 1 1 0 0 0 0 1 2 1.04 0.96 
0 1 1 1 1 1 1 0 0 1 0 0 1 1 0 0 0 0 1 2 0.96 1.04 
0 1 1 1 1 1 1 0 0 1 0 0 1 0 0 0 0 0 1 2 1.05 0.95 
0 1 1 1 1 1 1 1 0 1 0 0 1 0 0 0 0 0 1 2 0.96 1.04 
0 0 1 1 1 1 0 0 0 1 0 0 1 0 1 0 0 1 1 2 1.02 0.98 
0 0 1 1 1 1 0 0 1 1 0 0 1 0 0 0 0 1 1 2 0.99 1.01 
0 0 1 1 1 1 0 0 1 1 0 0 1 1 0 0 0 0 1 2 1.02 0.98 
0 1 1 1 1 1 0 0 1 1 0 0 1 0 0 0 0 0 1 2 1.01 0.99 
0 1 1 1 1 1 0 0 1 1 0 0 1 1 0 0 0 0 0 2 1.04 0.96 
0 1 1 1 1 1 1 0 1 1 0 0 1 1 0 0 0 0 0 2 0.95 1.05 
0 1 1 1 1 1 1 0 1 1 0 0 1 0 0 0 0 0 0 2 1.04 0.96 
0 1 1 1 1 1 1 1 1 1 0 0 0 1 0 0 0 0 0 2 0.99 1.01 
0 1 1 1 1 1 1 1 1 1 0 0 1 0 0 0 0 0 0 2 0.95 1.05 
0 1 0 1 1 1 1 1 1 1 0 0 0 1 0 0 1 0 0 2 0.99 1.01 
0 1 1 1 0 1 1 1 1 1 0 0 0 1 0 0 1 0 0 2 0.98 1.02 
0 1 1 1 1 0 1 1 1 1 0 0 0 1 0 0 1 0 0 2 1.0 1.0 
0 1 1 1 1 1 1 1 1 1 0 0 0 0 0 0 1 0 0 2 0.98 1.02 
0 1 0 0 1 1 1 1 1 1 0 1 0 1 0 0 1 0 0 2 1.01 0.99 
0 1 0 1 1 0 1 1 1 1 0 1 0 1 0 0 1 0 0 2 1.02 0.98 
0 1 0 1 0 1 1 1 1 1 0 1 0 1 0 0 1 0 0 2 1.0 1.0 
0 1 0 1 1 1 1 1 1 1 0 1 0 0 0 0 1 0 0 2 0.99 1.01 
0 1 1 0 0 1 1 1 1 1 0 1 0 1 0 0 1 0 0 2 1.0 1.0 
0 1 1 1 0 0 1 1 1 1 0 1 0 1 0 0 1 0 0 2 1.01 0.99 
0 1 1 1 0 1 1 1 1 1 0 1 0 0 0 0 1 0 0 2 0.99 1.01 
0 1 1 0 1 0 1 1 1 1 0 1 0 1 0 0 1 0 0 2 1.02 0.98 
0 1 1 1 1 0 1 1 1 1 0 1 0 0 0 0 1 0 0 2 1.0 1.0 
0 1 0 0 1 0 1 1 1 1 0 1 0 1 1 0 1 0 0 2 1.02 0.98 
0 1 0 0 1 1 1 1 1 1 0 1 0 0 1 0 1 0 0 2 1.0 1.0 
0 1 0 1 0 0 1 1 1 1 0 1 0 1 1 0 1 0 0 2 1.02 0.98 
0 1 0 1 1 0 1 1 1 1 0 1 0 0 1 0 1 0 0 2 1.01 0.99 
0 1 0 1 0 1 1 1 1 1 0 1 0 0 1 0 1 0 0 2 0.99 1.01 
0 1 1 0 0 0 1 1 1 1 0 1 0 1 1 0 1 0 0 2 1.02 0.98 
0 1 1 0 0 1 1 1 1 1 0 1 0 0 1 0 1 0 0 2 0.99 1.01 
0 1 1 1 0 0 1 1 1 1 0 1 0 0 1 0 1 0 0 2 1.0 1.0 
0 1 1 0 1 0 1 1 1 1 0 1 0 0 1 0 1 0 0 2 1.01 0.99 
0 1 0 0 0 0 1 1 1 1 0 1 0 1 1 0 1 1 0 2 1.0 1.0 
0 1 0 0 1 0 1 1 1 1 0 1 0 0 1 0 1 1 0 2 1.0 1.0 
0 1 0 1 0 0 1 1 1 1 0 1 0 0 1 0 1 1 0 2 0.99 1.01 
0 1 1 0 0 0 1 1 1 1 0 1 0 0 1 0 1 1 0 2 0.99 1.01 
0 0 0 0 0 1 0 1 1 0 0 1 1 0 1 0 1 1 1 2 1.02 0.98 
0 0 1 0 0 0 0 1 1 0 0 1 1 0 1 0 1 1 1 2 1.03 0.97 
0 0 1 0 0 1 0 1 1 0 0 1 0 0 1 0 1 1 1 2 1.04 0.96 
0 0 1 0 0 1 0 0 1 0 0 1 1 0 1 0 1 1 1 2 1.01 0.99 
0 0 0 1 0 0 0 1 1 0 0 1 1 0 1 0 1 1 1 2 1.03 0.97 
0 0 1 1 0 0 0 0 1 0 0 1 1 0 1 0 1 1 1 2 1.01 0.99 
0 0 0 1 0 1 0 1 1 0 0 1 0 0 1 0 1 1 1 2 1.04 0.96 
0 0 1 1 0 1 0 0 1 0 0 1 0 0 1 0 1 1 1 2 1.02 0.98 
0 0 1 1 0 1 0 0 1 0 0 1 1 0 1 0 0 1 1 2 1.0 1.0 
0 0 0 1 1 1 0 0 1 0 0 1 0 0 1 0 1 1 1 2 1.03 0.97 
0 0 1 1 1 0 0 1 1 0 0 1 0 0 1 0 1 1 1 2 0.95 1.05 
0 0 1 1 1 0 0 0 1 0 0 1 0 0 1 0 1 1 1 2 1.04 0.96 
0 0 1 1 1 1 0 0 1 0 0 1 0 0 1 0 0 1 1 2 1.03 0.97 
0 0 1 1 1 1 0 0 1 0 0 0 1 0 1 0 0 1 1 2 0.99 1.01 
0 0 1 0 0 1 1 1 1 0 0 1 0 0 1 0 1 1 1 2 0.96 1.04 
0 0 1 1 0 0 1 1 1 0 0 1 0 0 1 0 1 1 1 2 0.96 1.04 
0 0 0 1 0 1 1 1 1 0 0 1 0 0 1 0 1 1 1 2 0.96 1.04 
0 0 0 0 1 1 1 1 1 0 0 1 0 0 1 0 1 1 1 2 0.97 1.03 
0 0 0 1 1 0 1 1 1 0 0 1 0 0 1 0 1 1 1 2 0.97 1.03 
0 0 1 0 1 0 1 1 1 0 0 1 0 0 1 0 1 1 1 2 0.97 1.03 
0 0 0 0 0 0 1 1 1 0 0 1 1 1 1 0 1 1 1 2 0.96 1.04 
0 0 1 0 0 0 1 1 1 0 0 1 0 1 1 0 1 1 1 2 0.98 1.02 
0 0 0 1 0 0 1 1 1 0 0 1 0 1 1 0 1 1 1 2 0.98 1.02 
0 0 0 0 1 0 1 1 1 0 0 1 0 1 1 0 1 1 1 2 0.99 1.01 
0 1 0 0 0 0 1 1 1 0 0 1 0 1 1 0 1 1 1 2 0.98 1.02 
0 1 1 0 0 0 1 1 1 0 0 1 0 0 1 0 1 1 1 2 0.97 1.03 
0 1 0 1 0 0 1 1 1 0 0 1 0 0 1 0 1 1 1 2 0.97 1.03 
0 1 0 0 1 0 1 1 1 0 0 1 0 0 1 0 1 1 1 2 0.98 1.02 
1 0 0 0 0 0 0 1 1 0 0 1 1 0 1 0 1 1 1 2 1.01 0.99 
1 0 0 0 0 1 0 1 0 0 0 1 1 0 1 0 1 1 1 2 1.02 0.98 
1 0 0 0 0 1 0 0 1 0 0 1 1 0 1 0 1 1 1 2 0.98 1.02 
1 0 1 0 0 0 0 1 1 0 0 1 0 0 1 0 1 1 1 2 1.03 0.97 
1 0 1 0 0 0 0 1 0 0 0 1 1 0 1 0 1 1 1 2 1.03 0.97 
1 0 1 0 0 0 0 0 1 0 0 1 1 0 1 0 1 1 1 2 0.99 1.01 
1 0 1 0 0 1 0 0 0 0 0 1 1 0 1 0 1 1 1 2 1.0 1.0 
1 0 1 0 0 1 0 1 1 0 0 1 0 0 1 0 1 1 0 2 1.04 0.96 
1 0 1 0 0 1 0 0 1 0 0 1 0 0 1 0 1 1 1 2 1.0 1.0 
1 0 1 0 0 1 0 0 1 0 0 1 1 0 1 0 0 1 1 2 0.98 1.02 
1 0 0 1 0 0 0 1 1 0 0 1 0 0 1 0 1 1 1 2 1.03 0.97 
1 0 0 1 0 0 0 0 1 0 0 1 1 0 1 0 1 1 1 2 0.99 1.01 
1 0 1 1 0 0 0 1 1 0 0 1 0 0 1 0 1 1 0 2 1.04 0.96 
1 0 1 1 0 0 0 0 1 0 0 1 0 0 1 0 1 1 1 2 1.01 0.99 
1 0 1 1 0 0 0 0 0 0 0 1 1 0 1 0 1 1 1 2 1.01 0.99 
1 0 1 1 0 0 0 0 1 0 0 1 1 0 1 0 0 1 1 2 0.99 1.01 
1 0 0 1 0 1 0 0 0 0 0 1 1 0 1 0 1 1 1 2 1.0 1.0 
1 0 1 1 0 1 0 0 0 0 0 1 1 0 1 0 0 1 1 2 1.0 1.0 
1 0 0 1 0 1 0 1 1 0 0 1 0 0 1 0 1 1 0 2 1.04 0.96 
1 0 0 1 0 1 0 0 1 0 0 1 0 0 1 0 1 1 1 2 1.0 1.0 
1 0 1 1 0 1 0 1 1 0 0 1 0 0 1 0 1 0 0 2 1.05 0.95 
1 0 1 1 0 1 0 0 1 0 0 1 0 0 1 0 1 1 0 2 1.02 0.98 
1 0 1 1 0 1 0 0 1 0 0 1 0 0 1 0 0 1 1 2 1.0 1.0 
1 0 1 1 0 1 0 0 1 0 0 0 1 0 1 0 0 1 1 2 0.96 1.04 
1 0 0 0 1 0 0 1 0 0 0 1 1 0 1 0 1 1 1 2 1.04 0.96 
1 0 0 0 1 1 0 0 0 0 0 1 1 0 1 0 1 1 1 2 1.01 0.99 
1 0 0 1 1 0 0 0 0 0 0 1 1 0 1 0 1 1 1 2 1.02 0.98 
1 0 0 1 1 1 0 0 0 0 0 1 1 0 1 0 0 1 1 2 1.01 0.99 
1 0 1 0 1 0 0 0 0 0 0 1 1 0 1 0 1 1 1 2 1.02 0.98 
1 0 1 0 1 1 0 0 0 0 0 1 1 0 1 0 0 1 1 2 1.01 0.99 
1 0 1 1 1 1 0 0 0 0 0 0 1 0 1 0 0 1 1 2 0.99 1.01 
1 0 0 0 1 0 0 1 1 0 0 1 0 0 1 0 1 1 1 2 1.04 0.96 
1 0 0 0 1 1 0 1 1 0 0 1 0 0 1 0 1 1 0 2 1.05 0.95 
1 0 0 0 1 1 0 0 1 0 0 1 0 0 1 0 1 1 1 2 1.01 0.99 
1 0 0 1 1 0 0 0 1 0 0 1 0 0 1 0 1 1 1 2 1.02 0.98 
1 0 0 1 1 1 0 0 1 0 0 1 0 0 1 0 1 1 0 2 1.03 0.97 
1 0 0 1 1 1 0 0 1 0 0 1 0 0 1 0 0 1 1 2 1.01 0.99 
1 0 1 0 1 0 0 0 1 0 0 1 0 0 1 0 1 1 1 2 1.02 0.98 
1 0 1 1 1 0 0 0 1 0 0 1 0 0 1 0 1 1 0 2 1.03 0.97 
1 0 1 1 1 0 0 0 1 0 0 1 0 0 1 0 0 1 1 2 1.02 0.98 
1 0 1 1 1 1 0 1 1 0 0 1 0 0 1 0 1 0 0 2 0.95 1.05 
1 0 1 1 1 1 0 0 1 0 0 1 0 0 1 0 1 0 0 2 1.04 0.96 
1 0 1 1 1 1 0 0 1 0 0 1 0 0 1 0 0 1 0 2 1.02 0.98 
1 0 1 1 1 1 0 0 1 0 0 0 0 0 1 0 0 1 1 2 0.99 1.01 
1 0 1 1 1 1 0 0 1 0 0 0 1 0 0 0 0 1 1 2 0.97 1.03 
1 0 1 1 1 1 0 0 1 1 0 0 1 0 0 0 0 0 1 2 0.98 1.02 
1 0 1 1 1 1 0 0 0 1 0 0 1 0 0 0 0 1 1 2 0.99 1.01 
1 0 0 1 1 1 0 0 0 1 0 0 1 0 1 0 0 1 1 2 1.0 1.0 
1 0 1 0 1 1 0 0 0 1 0 0 1 0 1 0 0 1 1 2 1.0 1.0 
1 0 1 1 0 1 0 0 0 1 0 0 1 0 1 0 0 1 1 2 0.99 1.01 
1 0 0 0 1 1 0 0 0 1 0 1 1 0 1 0 0 1 1 2 1.02 0.98 
1 0 0 1 1 0 0 0 0 1 0 1 1 0 1 0 0 1 1 2 1.02 0.98 
1 0 0 1 0 1 0 0 0 1 0 1 1 0 1 0 0 1 1 2 1.01 0.99 
1 0 1 0 0 1 0 0 0 1 0 1 1 0 1 0 0 1 1 2 1.01 0.99 
1 0 1 0 1 0 0 0 0 1 0 1 1 0 1 0 0 1 1 2 1.02 0.98 
1 0 1 1 0 0 0 0 0 1 0 1 1 0 1 0 0 1 1 2 1.01 0.99 
1 0 0 0 0 1 0 0 0 1 0 1 1 0 1 0 1 1 1 2 1.01 0.99 
1 0 0 0 1 0 0 0 0 1 0 1 1 0 1 0 1 1 1 2 1.02 0.98 
1 0 1 0 0 0 0 0 0 1 0 1 1 0 1 0 1 1 1 2 1.02 0.98 
1 0 0 0 0 0 0 1 0 1 0 1 1 0 1 0 1 1 1 2 1.03 0.97 
1 0 1 1 1 1 0 0 1 1 0 0 1 1 0 0 0 0 0 2 1.01 0.99 
1 0 1 1 1 1 0 0 0 1 0 0 1 1 0 0 0 0 1 2 1.02 0.98 
1 0 0 1 1 1 0 0 0 1 0 0 1 1 0 0 0 1 1 2 1.01 0.99 
1 0 1 0 1 1 0 0 0 1 0 0 1 1 0 0 0 1 1 2 1.01 0.99 
1 0 1 1 0 1 0 0 0 1 0 0 1 1 0 0 0 1 1 2 1.0 1.0 
1 0 0 0 1 1 0 0 0 1 0 0 1 1 1 0 0 1 1 2 1.01 0.99 
1 0 0 1 1 0 0 0 0 1 0 0 1 1 1 0 0 1 1 2 1.02 0.98 
1 0 0 1 0 1 0 0 0 1 0 0 1 1 1 0 0 1 1 2 1.0 1.0 
1 0 1 0 0 1 0 0 0 1 0 0 1 1 1 0 0 1 1 2 1.0 1.0 
1 0 1 0 1 0 0 0 0 1 0 0 1 1 1 0 0 1 1 2 1.02 0.98 
1 0 1 1 0 0 0 0 0 1 0 0 1 1 1 0 0 1 1 2 1.01 0.99 
1 0 0 0 0 1 0 0 0 1 0 1 1 1 1 0 0 1 1 2 1.02 0.98 
1 0 0 0 1 0 0 0 0 1 0 1 1 1 1 0 0 1 1 2 1.04 0.96 
1 0 1 0 0 0 0 0 0 1 0 1 1 1 1 0 0 1 1 2 1.03 0.97 
1 0 0 0 0 0 0 0 0 1 0 1 1 1 1 0 1 1 1 2 1.03 0.97 
1 1 1 1 1 1 0 0 1 1 0 0 0 1 0 0 0 0 0 2 1.04 0.96 
1 1 1 1 1 1 0 0 1 1 0 0 1 0 0 0 0 0 0 2 1.0 1.0 
1 1 1 1 1 1 0 0 0 1 0 0 1 0 0 0 0 0 1 2 1.01 0.99 
1 1 0 1 1 1 0 0 0 1 0 0 1 1 0 0 0 0 1 2 1.02 0.98 
1 1 1 0 1 1 0 0 0 1 0 0 1 1 0 0 0 0 1 2 1.02 0.98 
1 1 1 1 0 1 0 0 0 1 0 0 1 1 0 0 0 0 1 2 1.01 0.99 
1 1 0 1 1 1 0 0 0 1 0 0 1 0 0 0 0 1 1 2 0.99 1.01 
1 1 1 0 1 1 0 0 0 1 0 0 1 0 0 0 0 1 1 2 0.99 1.01 
1 1 1 1 0 1 0 0 0 1 0 0 1 0 0 0 0 1 1 2 0.99 1.01 
1 1 0 0 1 1 0 0 0 1 0 0 1 1 0 0 0 1 1 2 1.01 0.99 
1 1 0 1 1 0 0 0 0 1 0 0 1 1 0 0 0 1 1 2 1.02 0.98 
1 1 0 1 0 1 0 0 0 1 0 0 1 1 0 0 0 1 1 2 1.0 1.0 
1 1 1 0 0 1 0 0 0 1 0 0 1 1 0 0 0 1 1 2 1.0 1.0 
1 1 1 0 1 0 0 0 0 1 0 0 1 1 0 0 0 1 1 2 1.02 0.98 
1 1 1 1 0 0 0 0 0 1 0 0 1 1 0 0 0 1 1 2 1.01 0.99 
1 1 0 0 1 1 0 0 0 1 0 0 1 0 1 0 0 1 1 2 1.0 1.0 
1 1 0 1 1 0 0 0 0 1 0 0 1 0 1 0 0 1 1 2 1.01 0.99 
1 1 0 1 0 1 0 0 0 1 0 0 1 0 1 0 0 1 1 2 0.99 1.01 
1 1 1 0 0 1 0 0 0 1 0 0 1 0 1 0 0 1 1 2 0.99 1.01 
1 1 1 0 1 0 0 0 0 1 0 0 1 0 1 0 0 1 1 2 1.01 0.99 
1 1 1 1 0 0 0 0 0 1 0 0 1 0 1 0 0 1 1 2 1.0 1.0 
1 1 0 0 0 1 0 0 0 1 0 0 1 1 1 0 0 1 1 2 1.01 0.99 
1 1 0 0 1 0 0 0 0 1 0 0 1 1 1 0 0 1 1 2 1.02 0.98 
1 1 1 0 0 0 0 0 0 1 0 0 1 1 1 0 0 1 1 2 1.01 0.99 
1 1 0 0 0 1 0 0 0 1 0 1 1 0 1 0 0 1 1 2 1.01 0.99 
1 1 0 0 1 0 0 0 0 1 0 1 1 0 1 0 0 1 1 2 1.03 0.97 
1 1 1 0 0 0 0 0 0 1 0 1 1 0 1 0 0 1 1 2 1.02 0.98 
1 1 0 0 0 0 0 0 0 1 0 1 1 1 1 0 0 1 1 2 1.03 0.97 
1 1 0 0 0 0 0 0 0 1 0 1 1 0 1 0 1 1 1 2 1.02 0.98 
1 1 0 0 0 0 1 1 0 0 0 1 0 1 1 0 1 1 1 2 0.98 1.02 
1 1 0 0 0 0 1 1 0 1 0 1 0 1 1 0 1 1 0 2 1.0 1.0 
1 1 0 0 0 0 1 1 0 1 0 1 0 0 1 0 1 1 1 2 0.97 1.03 
1 0 0 0 0 0 1 1 0 0 0 1 1 1 1 0 1 1 1 2 0.96 1.04 
1 0 0 0 0 0 1 1 0 0 0 1 1 0 1 0 1 1 1 2 1.05 0.95 
1 1 0 0 0 0 1 1 0 1 0 1 1 1 1 0 1 0 0 2 1.0 1.0 
1 1 0 0 0 0 1 1 0 1 0 1 1 0 1 0 1 1 0 2 0.97 1.03 
1 1 0 0 0 0 1 1 0 1 0 0 1 0 0 0 1 1 1 2 1.03 0.97 
1 1 0 0 0 0 1 1 0 1 0 0 1 1 0 0 0 1 1 2 1.05 0.95 
1 1 0 0 0 0 1 1 0 1 0 1 1 1 0 0 1 0 1 2 0.98 1.02 
1 1 0 0 0 1 1 1 0 1 0 1 1 0 1 0 1 0 0 2 0.97 1.03 
1 1 0 0 0 1 1 1 0 1 0 0 1 0 0 0 0 1 1 2 1.02 0.98 
1 1 0 0 0 1 1 1 0 1 0 0 1 0 0 0 1 0 1 2 1.04 0.96 
1 1 0 0 0 1 1 1 0 1 0 1 1 0 0 0 1 0 1 2 0.95 1.05 
1 1 0 0 0 1 1 0 0 1 0 0 1 1 0 0 0 1 1 2 1.02 0.98 
1 1 0 0 1 0 1 1 0 1 0 1 0 1 1 0 1 0 0 2 1.02 0.98 
1 1 0 0 1 0 1 1 0 1 0 1 0 0 1 0 1 1 0 2 0.99 1.01 
1 0 0 0 1 0 1 1 0 0 0 1 1 0 1 0 1 1 1 2 0.95 1.05 
1 1 0 0 1 0 1 1 0 1 0 1 1 0 1 0 1 0 0 2 0.99 1.01 
1 1 0 0 1 0 1 1 0 1 0 0 1 0 0 0 0 1 1 2 1.04 0.96 
1 1 0 0 1 0 1 1 0 1 0 1 1 0 0 0 1 0 1 2 0.97 1.03 
1 1 0 0 1 0 1 0 0 1 0 0 1 1 0 0 0 1 1 2 1.04 0.96 
1 1 0 0 1 0 1 1 0 1 0 0 1 1 0 0 1 0 1 2 0.96 1.04 
1 1 0 0 1 1 1 1 0 1 0 1 0 0 1 0 1 0 0 2 1.0 1.0 
1 1 0 0 1 1 1 0 0 1 0 0 1 0 0 0 0 1 1 2 1.01 0.99 
1 1 0 0 1 1 1 1 0 1 0 0 1 0 0 0 0 0 1 2 1.04 0.96 
1 1 0 0 1 1 1 0 0 1 0 0 1 1 0 0 0 0 1 2 1.04 0.96 
1 1 0 0 1 1 1 1 0 1 0 0 1 1 0 0 0 0 1 2 0.96 1.04 
1 1 0 1 1 0 1 1 0 1 0 1 0 0 1 0 1 0 0 2 1.01 0.99 
1 1 0 1 1 0 1 0 0 1 0 0 1 0 0 0 0 1 1 2 1.02 0.98 
1 1 0 1 1 0 1 0 0 1 0 0 1 1 0 0 0 0 1 2 1.05 0.95 
1 1 0 1 1 0 1 1 0 1 0 0 1 1 0 0 0 0 1 2 0.96 1.04 
1 1 0 1 0 1 1 0 0 1 0 0 1 0 0 0 0 1 1 2 1.0 1.0 
1 1 0 1 0 1 1 1 0 1 0 0 1 0 0 0 0 0 1 2 1.04 0.96 
1 1 0 1 0 1 1 0 0 1 0 0 1 1 0 0 0 0 1 2 1.03 0.97 
1 1 0 1 1 1 1 0 0 1 0 0 1 0 0 0 0 0 1 2 1.03 0.97 
1 1 1 0 0 0 1 1 0 1 0 1 1 0 1 0 1 0 0 2 0.98 1.02 
1 1 1 0 0 0 1 1 0 1 0 0 1 0 0 0 0 1 1 2 1.03 0.97 
1 1 1 0 0 0 1 1 0 1 0 0 1 0 0 0 1 0 1 2 1.05 0.95 
1 1 1 0 0 0 1 1 0 1 0 1 1 0 0 0 1 0 1 2 0.96 1.04 
1 1 1 0 0 0 1 0 0 1 0 0 1 1 0 0 0 1 1 2 1.03 0.97 
1 1 1 0 0 0 1 1 0 1 0 0 1 1 0 0 1 0 1 2 0.96 1.04 
1 1 1 0 0 1 1 0 0 1 0 0 1 0 0 0 0 1 1 2 1.01 0.99 
1 1 1 0 0 1 1 1 0 1 0 0 1 0 0 0 0 0 1 2 1.04 0.96 
1 1 1 0 0 1 1 0 0 1 0 0 1 1 0 0 0 0 1 2 1.03 0.97 
1 1 1 0 1 0 1 0 0 1 0 0 1 0 0 0 0 1 1 2 1.02 0.98 
1 1 1 0 1 0 1 0 0 1 0 0 1 1 0 0 0 0 1 2 1.05 0.95 
1 1 1 0 1 0 1 1 0 1 0 0 1 1 0 0 0 0 1 2 0.96 1.04 
1 1 1 0 1 1 1 0 0 1 0 0 1 0 0 0 0 0 1 2 1.03 0.97 
1 1 1 1 0 0 1 0 0 1 0 0 1 0 0 0 0 1 1 2 1.01 0.99 
1 1 1 1 0 0 1 1 0 1 0 0 1 0 0 0 0 0 1 2 1.04 0.96 
1 1 1 1 0 0 1 0 0 1 0 0 1 1 0 0 0 0 1 2 1.04 0.96 
1 1 1 1 0 0 1 1 0 1 0 0 1 1 0 0 0 0 1 2 0.95 1.05 
1 1 1 1 0 1 1 0 0 1 0 0 1 0 0 0 0 0 1 2 1.02 0.98 
1 0 0 0 0 0 1 1 1 0 0 1 0 0 1 0 1 1 1 2 1.05 0.95 
1 0 1 0 0 1 1 1 1 0 0 1 0 0 1 0 1 1 0 2 0.95 1.05 
1 0 1 1 0 0 1 1 1 0 0 1 0 0 1 0 1 1 0 2 0.96 1.04 
1 0 0 1 0 1 1 1 1 0 0 1 0 0 1 0 1 1 0 2 0.95 1.05 
1 0 1 1 0 1 1 1 1 0 0 1 0 0 1 0 1 0 0 2 0.96 1.04 
1 0 0 0 1 0 1 1 1 0 0 1 0 0 1 0 1 1 1 2 0.95 1.05 
1 0 0 0 1 1 1 1 1 0 0 1 0 0 1 0 1 1 0 2 0.96 1.04 
1 0 0 1 1 0 1 1 1 0 0 1 0 0 1 0 1 1 0 2 0.97 1.03 
1 0 0 1 1 1 1 1 1 0 0 1 0 0 1 0 1 0 0 2 0.97 1.03 
1 0 1 0 1 0 1 1 1 0 0 1 0 0 1 0 1 1 0 2 0.97 1.03 
1 0 1 1 1 0 1 1 1 0 0 1 0 0 1 0 1 0 0 2 0.98 1.02 
1 0 0 0 0 0 1 1 1 0 0 1 0 1 1 0 1 1 1 2 0.96 1.04 
1 0 1 0 0 0 1 1 1 0 0 1 0 1 1 0 1 1 0 2 0.97 1.03 
1 0 1 0 0 1 1 1 1 0 0 1 0 1 1 0 1 0 0 2 0.98 1.02 
1 0 0 1 0 0 1 1 1 0 0 1 0 1 1 0 1 1 0 2 0.97 1.03 
1 0 1 1 0 0 1 1 1 0 0 1 0 1 1 0 1 0 0 2 0.99 1.01 
1 0 0 1 0 1 1 1 1 0 0 1 0 1 1 0 1 0 0 2 0.98 1.02 
1 0 0 0 1 0 1 1 1 0 0 1 0 1 1 0 1 1 0 2 0.98 1.02 
1 0 0 0 1 1 1 1 1 0 0 1 0 1 1 0 1 0 0 2 0.99 1.01 
1 0 0 1 1 0 1 1 1 0 0 1 0 1 1 0 1 0 0 2 0.99 1.01 
1 0 1 0 1 0 1 1 1 0 0 1 0 1 1 0 1 0 0 2 0.99 1.01 
1 1 0 0 0 0 1 1 1 0 0 1 0 1 1 0 1 1 0 2 0.98 1.02 
1 1 1 0 0 0 1 1 1 0 0 1 0 1 1 0 1 0 0 2 0.99 1.01 
1 1 1 0 0 0 1 1 1 0 0 1 0 0 1 0 1 1 0 2 0.96 1.04 
1 1 1 0 0 1 1 1 1 0 0 1 0 0 1 0 1 0 0 2 0.97 1.03 
1 1 0 1 0 0 1 1 1 0 0 1 0 1 1 0 1 0 0 2 0.99 1.01 
1 1 0 1 0 0 1 1 1 0 0 1 0 0 1 0 1 1 0 2 0.96 1.04 
1 1 1 1 0 0 1 1 1 0 0 1 0 0 1 0 1 0 0 2 0.97 1.03 
1 1 0 1 0 1 1 1 1 0 0 1 0 0 1 0 1 0 0 2 0.97 1.03 
1 1 0 0 1 0 1 1 1 0 0 1 0 1 1 0 1 0 0 2 1.0 1.0 
1 1 0 0 1 0 1 1 1 0 0 1 0 0 1 0 1 1 0 2 0.97 1.03 
1 1 0 0 1 1 1 1 1 0 0 1 0 0 1 0 1 0 0 2 0.98 1.02 
1 1 0 1 1 0 1 1 1 0 0 1 0 0 1 0 1 0 0 2 0.98 1.02 
1 1 1 0 1 0 1 1 1 0 0 1 0 0 1 0 1 0 0 2 0.98 1.02 
1 1 1 1 1 1 1 0 1 1 0 0 0 0 0 0 0 0 0 2 1.04 0.96 
1 1 1 1 1 1 1 1 1 1 0 0 0 0 0 0 0 0 0 2 0.95 1.05 
1 1 1 1 0 1 1 1 1 1 0 0 0 0 0 0 0 0 0 2 1.05 0.95 
1 1 0 1 1 1 1 1 1 1 0 0 0 0 0 0 1 0 0 2 0.96 1.04 
1 1 1 1 1 0 1 1 1 1 0 0 0 0 0 0 1 0 0 2 0.96 1.04 
1 1 0 0 1 1 1 1 1 1 0 1 0 0 0 0 1 0 0 2 0.97 1.03 
1 1 0 1 1 0 1 1 1 1 0 1 0 0 0 0 1 0 0 2 0.98 1.02 
1 1 0 1 0 1 1 1 1 1 0 1 0 0 0 0 1 0 0 2 0.97 1.03 
1 1 1 0 0 1 1 1 1 1 0 1 0 0 0 0 1 0 0 2 0.97 1.03 
1 1 1 1 0 0 1 1 1 1 0 1 0 0 0 0 1 0 0 2 0.97 1.03 
1 1 1 0 1 0 1 1 1 1 0 1 0 0 0 0 1 0 0 2 0.98 1.02 
1 1 1 1 0 1 1 0 1 1 0 0 0 1 0 0 0 0 0 2 1.05 0.95 
1 1 0 1 1 1 1 1 1 1 0 0 0 1 0 0 0 0 0 2 0.97 1.03 
1 1 1 1 0 1 1 1 1 1 0 0 0 1 0 0 0 0 0 2 0.96 1.04 
1 1 1 1 1 0 1 1 1 1 0 0 0 1 0 0 0 0 0 2 0.98 1.02 
1 1 0 0 1 1 1 1 1 1 0 0 0 1 0 0 1 0 0 2 0.97 1.03 
1 1 0 1 1 0 1 1 1 1 0 0 0 1 0 0 1 0 0 2 0.98 1.02 
1 1 0 1 0 1 1 1 1 1 0 0 0 1 0 0 1 0 0 2 0.96 1.04 
1 1 1 0 0 1 1 1 1 1 0 0 0 1 0 0 1 0 0 2 0.96 1.04 
1 1 1 1 0 0 1 1 1 1 0 0 0 1 0 0 1 0 0 2 0.97 1.03 
1 1 1 0 1 0 1 1 1 1 0 0 0 1 0 0 1 0 0 2 0.98 1.02 
1 1 0 0 1 0 1 1 1 1 0 1 0 1 0 0 1 0 0 2 1.0 1.0 
1 1 0 1 0 0 1 1 1 1 0 1 0 1 0 0 1 0 0 2 0.99 1.01 
1 1 1 0 0 0 1 1 1 1 0 1 0 1 0 0 1 0 0 2 0.99 1.01 
0 0 1 1 1 1 0 0 0 1 1 0 1 0 0 0 0 1 1 2 1.02 0.98 
0 0 1 1 1 1 0 0 1 1 1 0 1 0 0 0 0 0 1 2 1.02 0.98 
0 0 1 1 1 1 0 0 1 0 1 0 1 0 0 0 0 1 1 2 1.0 1.0 
1 0 1 1 1 1 0 0 1 1 1 0 1 0 0 0 0 0 0 2 1.01 0.99 
1 0 1 1 1 1 0 0 1 0 1 0 1 0 0 0 0 0 1 2 0.99 1.01 
1 0 1 1 0 1 0 0 1 0 1 0 1 0 0 0 0 1 1 2 0.97 1.03 
1 0 1 1 1 1 0 0 0 0 1 0 1 0 0 0 0 1 1 2 1.0 1.0 
1 0 1 1 1 1 0 0 1 0 1 0 0 0 0 0 0 1 1 2 1.0 1.0 
1 0 1 0 0 1 0 0 1 0 1 0 1 0 1 0 0 1 1 2 0.98 1.02 
1 0 1 1 0 0 0 0 1 0 1 0 1 0 1 0 0 1 1 2 0.98 1.02 
1 0 1 1 0 1 0 0 0 0 1 0 1 0 1 0 0 1 1 2 1.0 1.0 
1 0 1 1 0 1 0 0 1 0 1 0 0 0 1 0 0 1 1 2 1.0 1.0 
0 0 1 1 1 1 0 0 0 0 1 0 1 0 1 0 0 1 1 2 1.02 0.98 
1 0 0 1 1 1 0 0 0 0 1 0 1 0 1 0 0 1 1 2 1.0 1.0 
1 0 1 0 1 1 0 0 0 0 1 0 1 0 1 0 0 1 1 2 1.0 1.0 
1 0 0 1 1 1 0 0 1 0 1 0 0 0 1 0 0 1 1 2 1.0 1.0 
1 0 1 1 1 0 0 0 1 0 1 0 0 0 1 0 0 1 1 2 1.01 0.99 
1 0 1 1 1 1 0 0 1 0 1 0 0 0 1 0 0 1 0 2 1.02 0.98 
1 0 0 0 0 1 0 0 1 0 1 1 1 0 1 0 0 1 1 2 1.0 1.0 
1 0 1 0 0 0 0 0 1 0 1 1 1 0 1 0 0 1 1 2 1.0 1.0 
1 0 1 0 0 1 0 0 0 0 1 1 1 0 1 0 0 1 1 2 1.02 0.98 
1 0 1 0 0 1 0 0 1 0 1 1 0 0 1 0 0 1 1 2 1.01 0.99 
1 0 0 1 0 0 0 0 1 0 1 1 1 0 1 0 0 1 1 2 1.0 1.0 
1 0 1 1 0 0 0 0 1 0 1 1 0 0 1 0 0 1 1 2 1.02 0.98 
1 0 1 1 0 0 0 0 0 0 1 1 1 0 1 0 0 1 1 2 1.02 0.98 
0 0 1 1 0 1 0 0 0 0 1 1 1 0 1 0 0 1 1 2 1.04 0.96 
1 0 0 1 0 1 0 0 0 0 1 1 1 0 1 0 0 1 1 2 1.01 0.99 
1 0 0 1 0 1 0 0 1 0 1 1 0 0 1 0 0 1 1 2 1.01 0.99 
1 0 1 1 0 1 0 0 1 0 1 1 0 0 1 0 0 1 0 2 1.03 0.97 
0 0 0 1 1 1 0 0 0 0 1 1 1 0 1 0 0 1 1 2 1.04 0.96 
0 0 1 0 1 1 0 0 0 0 1 1 1 0 1 0 0 1 1 2 1.04 0.96 
1 0 0 0 1 1 0 0 0 0 1 1 1 0 1 0 0 1 1 2 1.02 0.98 
1 0 0 1 1 0 0 0 0 0 1 1 1 0 1 0 0 1 1 2 1.03 0.97 
1 0 1 0 1 0 0 0 0 0 1 1 1 0 1 0 0 1 1 2 1.03 0.97 
1 0 0 0 1 1 0 0 1 0 1 1 0 0 1 0 0 1 1 2 1.02 0.98 
1 0 0 1 1 0 0 0 1 0 1 1 0 0 1 0 0 1 1 2 1.03 0.97 
1 0 0 1 1 1 0 0 1 0 1 1 0 0 1 0 0 1 0 2 1.04 0.96 
1 0 1 0 1 0 0 0 1 0 1 1 0 0 1 0 0 1 1 2 1.03 0.97 
1 0 1 1 1 0 0 0 1 0 1 1 0 0 1 0 0 1 0 2 1.04 0.96 
1 0 1 1 1 1 0 0 1 0 1 1 0 0 1 0 0 0 0 2 1.05 0.95 
1 0 0 0 0 0 0 0 1 0 1 1 1 0 1 0 1 1 1 2 1.0 1.0 
1 0 0 0 0 1 0 0 0 0 1 1 1 0 1 0 1 1 1 2 1.02 0.98 
1 0 1 0 0 0 0 0 1 0 1 1 0 0 1 0 1 1 1 2 1.02 0.98 
1 0 1 0 0 0 0 0 0 0 1 1 1 0 1 0 1 1 1 2 1.02 0.98 
0 0 1 0 0 1 0 0 0 0 1 1 1 0 1 0 1 1 1 2 1.04 0.96 
1 0 1 0 0 1 0 0 1 0 1 1 0 0 1 0 1 1 0 2 1.03 0.97 
1 0 0 1 0 0 0 0 1 0 1 1 0 0 1 0 1 1 1 2 1.02 0.98 
1 0 1 1 0 0 0 0 1 0 1 1 0 0 1 0 1 1 0 2 1.04 0.96 
0 0 1 1 0 0 0 0 0 0 1 1 1 0 1 0 1 1 1 2 1.04 0.96 
0 0 0 1 0 1 0 0 0 0 1 1 1 0 1 0 1 1 1 2 1.04 0.96 
1 0 0 1 0 1 0 0 1 0 1 1 0 0 1 0 1 1 0 2 1.03 0.97 
1 0 1 1 0 1 0 0 1 0 1 1 0 0 1 0 1 0 0 2 1.04 0.96 
0 0 0 0 1 1 0 0 0 0 1 1 1 0 1 0 1 1 1 2 1.05 0.95 
1 0 0 0 1 0 0 0 0 0 1 1 1 0 1 0 1 1 1 2 1.03 0.97 
1 0 0 0 1 0 0 0 1 0 1 1 0 0 1 0 1 1 1 2 1.03 0.97 
1 0 0 0 1 1 0 0 1 0 1 1 0 0 1 0 1 1 0 2 1.04 0.96 
1 0 0 1 1 0 0 0 1 0 1 1 0 0 1 0 1 1 0 2 1.05 0.95 
1 0 1 0 1 0 0 0 1 0 1 1 0 0 1 0 1 1 0 2 1.05 0.95 
0 0 1 1 1 1 0 0 1 0 1 1 0 0 1 0 1 1 0 2 0.95 1.05 
1 0 0 0 0 0 0 1 1 0 1 1 0 0 1 0 1 1 1 2 1.04 0.96 
1 0 0 0 0 0 0 1 0 0 1 1 1 0 1 0 1 1 1 2 1.04 0.96 
0 0 1 0 0 1 0 1 0 0 1 1 1 0 1 0 1 1 1 2 0.95 1.05 
1 0 1 1 0 0 0 1 1 0 1 1 0 0 1 0 1 1 0 2 0.95 1.05 
0 0 1 1 0 0 0 1 0 0 1 1 1 0 1 0 1 1 1 2 0.96 1.04 
0 0 0 1 0 1 0 1 0 0 1 1 1 0 1 0 1 1 1 2 0.95 1.05 
0 0 1 1 0 1 0 1 1 0 1 1 0 0 1 0 1 1 0 2 0.96 1.04 
1 0 1 1 0 1 0 1 1 0 1 1 0 0 1 0 1 0 0 2 0.96 1.04 
0 0 0 0 1 1 0 1 0 0 1 1 1 0 1 0 1 1 1 2 0.96 1.04 
0 0 0 1 1 0 0 1 0 0 1 1 1 0 1 0 1 1 1 2 0.97 1.03 
0 0 1 0 1 0 0 1 0 0 1 1 1 0 1 0 1 1 1 2 0.97 1.03 
1 0 0 0 1 1 0 1 1 0 1 1 0 0 1 0 1 1 0 2 0.95 1.05 
1 0 0 1 1 0 0 1 1 0 1 1 0 0 1 0 1 1 0 2 0.96 1.04 
0 0 0 1 1 1 0 1 1 0 1 1 0 0 1 0 1 1 0 2 0.97 1.03 
1 0 0 1 1 1 0 1 1 0 1 1 0 0 1 0 1 0 0 2 0.97 1.03 
1 0 1 0 1 0 0 1 1 0 1 1 0 0 1 0 1 1 0 2 0.96 1.04 
0 0 1 1 1 0 0 1 1 0 1 1 0 0 1 0 1 1 0 2 0.98 1.02 
1 0 1 1 1 0 0 1 1 0 1 1 0 0 1 0 1 0 0 2 0.97 1.03 
0 0 1 1 1 1 0 1 1 0 1 1 0 0 1 0 1 0 0 2 0.99 1.01 
1 0 0 0 0 0 1 1 1 0 1 1 0 0 1 0 1 1 1 2 0.96 1.04 
1 0 0 0 0 0 1 1 0 0 1 1 1 0 1 0 1 1 1 2 0.96 1.04 
0 0 0 0 0 1 1 1 0 0 1 1 1 0 1 0 1 1 1 2 0.97 1.03 
1 0 1 0 0 0 1 1 1 0 1 1 0 0 1 0 1 1 0 2 0.97 1.03 
0 0 1 0 0 0 1 1 0 0 1 1 1 0 1 0 1 1 1 2 0.98 1.02 
0 0 1 0 0 1 1 1 1 0 1 1 0 0 1 0 1 1 0 2 0.98 1.02 
1 0 1 0 0 1 1 1 1 0 1 1 0 0 1 0 1 0 0 2 0.98 1.02 
1 0 0 1 0 0 1 1 1 0 1 1 0 0 1 0 1 1 0 2 0.97 1.03 
0 0 1 1 0 0 1 1 1 0 1 1 0 0 1 0 1 1 0 2 0.99 1.01 
1 0 1 1 0 0 1 1 1 0 1 1 0 0 1 0 1 0 0 2 0.98 1.02 
0 0 0 1 0 1 1 1 1 0 1 1 0 0 1 0 1 1 0 2 0.98 1.02 
1 0 0 1 0 1 1 1 1 0 1 1 0 0 1 0 1 0 0 2 0.98 1.02 
0 0 1 1 0 1 1 1 1 0 1 1 0 0 1 0 1 0 0 2 1.0 1.0 
1 0 1 1 0 1 1 1 1 0 1 1 0 0 0 0 1 0 0 2 0.97 1.03 
0 0 0 0 1 0 1 1 0 0 1 1 1 0 1 0 1 1 1 2 0.99 1.01 
1 0 0 0 1 0 1 1 1 0 1 1 0 0 1 0 1 1 0 2 0.98 1.02 
0 0 0 0 1 1 1 1 1 0 1 1 0 0 1 0 1 1 0 2 0.99 1.01 
1 0 0 0 1 1 1 1 1 0 1 1 0 0 1 0 1 0 0 2 0.98 1.02 
0 0 0 1 1 0 1 1 1 0 1 1 0 0 1 0 1 1 0 2 1.0 1.0 
1 0 0 1 1 0 1 1 1 0 1 1 0 0 1 0 1 0 0 2 0.99 1.01 
0 0 0 1 1 1 1 1 1 0 1 1 0 0 1 0 1 0 0 2 1.0 1.0 
1 0 0 1 1 1 1 1 1 0 1 1 0 0 0 0 1 0 0 2 0.98 1.02 
0 0 1 0 1 0 1 1 1 0 1 1 0 0 1 0 1 1 0 2 1.0 1.0 
1 0 1 0 1 0 1 1 1 0 1 1 0 0 1 0 1 0 0 2 0.99 1.01 
0 0 1 1 1 0 1 1 1 0 1 1 0 0 1 0 1 0 0 2 1.01 0.99 
1 0 1 1 1 0 1 1 1 0 1 1 0 0 0 0 1 0 0 2 0.99 1.01 
0 0 1 1 1 1 1 1 1 0 1 1 0 0 0 0 1 0 0 2 1.0 1.0 
1 0 1 1 1 1 1 1 1 0 1 0 0 0 0 0 1 0 0 2 0.96 1.04 
0 1 0 1 1 1 0 0 0 1 1 0 1 0 0 0 0 1 1 2 1.03 0.97 
0 1 1 0 1 1 0 0 0 1 1 0 1 0 0 0 0 1 1 2 1.03 0.97 
0 1 1 1 0 1 0 0 0 1 1 0 1 0 0 0 0 1 1 2 1.02 0.98 
0 1 1 1 1 1 0 0 0 1 1 0 1 0 0 0 0 0 1 2 1.04 0.96 
0 1 1 1 1 1 0 0 1 1 1 0 1 0 0 0 0 0 0 2 1.03 0.97 
1 1 1 1 1 1 0 0 0 1 1 0 1 0 0 0 0 0 0 2 1.03 0.97 
1 1 1 1 1 1 0 0 1 1 1 0 0 0 0 0 0 0 0 2 1.03 0.97 
1 1 0 0 0 0 1 1 0 0 1 1 0 0 1 0 1 1 1 2 0.98 1.02 
1 1 0 0 0 0 1 1 1 0 1 1 0 0 1 0 1 1 0 2 0.97 1.03 
0 1 0 0 0 0 1 1 0 0 1 1 1 0 1 0 1 1 1 2 0.98 1.02 
0 1 1 0 0 0 1 1 1 0 1 1 0 0 1 0 1 1 0 2 1.0 1.0 
1 1 1 0 0 0 1 1 1 0 1 1 0 0 1 0 1 0 0 2 0.99 1.01 
0 1 1 0 0 1 1 1 1 0 1 1 0 0 1 0 1 0 0 2 1.0 1.0 
1 1 1 0 0 1 1 1 1 0 1 1 0 0 0 0 1 0 0 2 0.97 1.03 
0 1 0 1 0 0 1 1 1 0 1 1 0 0 1 0 1 1 0 2 0.99 1.01 
1 1 0 1 0 0 1 1 1 0 1 1 0 0 1 0 1 0 0 2 0.99 1.01 
0 1 1 1 0 0 1 1 1 0 1 1 0 0 1 0 1 0 0 2 1.01 0.99 
1 1 1 1 0 0 1 1 1 0 1 1 0 0 0 0 1 0 0 2 0.98 1.02 
0 1 0 1 0 1 1 1 1 0 1 1 0 0 1 0 1 0 0 2 1.0 1.0 
1 1 0 1 0 1 1 1 1 0 1 1 0 0 0 0 1 0 0 2 0.97 1.03 
0 1 1 1 0 1 1 1 1 0 1 1 0 0 0 0 1 0 0 2 0.99 1.01 
1 1 1 1 0 1 1 1 1 0 1 0 0 0 0 0 1 0 0 2 0.95 1.05 
0 1 0 0 1 0 1 1 1 0 1 1 0 0 1 0 1 1 0 2 1.0 1.0 
1 1 0 0 1 0 1 1 1 0 1 1 0 0 1 0 1 0 0 2 1.0 1.0 
0 1 0 0 1 1 1 1 1 0 1 1 0 0 1 0 1 0 0 2 1.01 0.99 
1 1 0 0 1 1 1 1 1 0 1 1 0 0 0 0 1 0 0 2 0.98 1.02 
0 1 0 1 1 0 1 1 1 0 1 1 0 0 1 0 1 0 0 2 1.02 0.98 
1 1 0 1 1 0 1 1 1 0 1 1 0 0 0 0 1 0 0 2 0.99 1.01 
0 1 0 1 1 1 1 1 1 0 1 1 0 0 0 0 1 0 0 2 1.0 1.0 
1 1 0 1 1 1 1 1 1 0 1 0 0 0 0 0 1 0 0 2 0.96 1.04 
0 1 1 0 1 0 1 1 1 0 1 1 0 0 1 0 1 0 0 2 1.02 0.98 
1 1 1 0 1 0 1 1 1 0 1 1 0 0 0 0 1 0 0 2 0.99 1.01 
0 1 1 1 1 0 1 1 1 0 1 1 0 0 0 0 1 0 0 2 1.01 0.99 
1 1 1 1 1 0 1 1 1 0 1 0 0 0 0 0 1 0 0 2 0.97 1.03 
0 1 1 1 1 1 1 1 1 0 1 0 0 0 0 0 1 0 0 2 0.98 1.02 
1 1 1 1 1 1 1 0 1 0 1 0 0 0 0 0 0 0 0 2 1.05 0.95 
1 1 1 1 1 1 1 1 1 0 1 0 0 0 0 0 0 0 0 2 0.96 1.04 
