54
35
1 1 1 0 3 2 0 1 1 2 0 3 3 3 2 0 0 1 3 2 2 2 0 4 1.03 1.04 0.96 0.96 
1 1 1 0 3 2 0 1 3 2 0 3 3 3 2 0 0 1 1 2 2 2 0 4 1.03 1.04 0.96 0.96 
1 1 1 0 3 2 0 1 2 2 0 3 3 3 2 0 0 1 3 2 1 2 0 4 1.03 1.02 0.99 0.96 
1 1 1 0 3 2 0 1 3 2 0 2 3 3 2 0 0 1 3 2 1 2 0 4 1.03 1.02 0.99 0.96 
1 1 1 0 3 2 0 1 3 2 0 3 2 3 2 0 0 1 3 2 1 2 0 4 1.03 1.02 0.98 0.97 
1 1 1 0 3 2 0 1 3 2 0 3 3 2 2 0 0 1 3 2 1 2 0 4 1.03 1.02 0.99 0.96 
1 1 1 0 2 3 0 2 1 1 0 2 2 2 3 0 0 1 3 3 3 3 0 4 1.03 1.01 0.96 1.0 
1 1 1 0 2 3 0 2 1 1 0 2 3 2 3 0 0 1 2 3 3 3 0 4 1.03 1.01 0.97 0.99 
1 1 1 0 2 3 0 2 1 1 0 3 2 2 3 0 0 1 2 3 3 3 0 4 1.03 1.01 0.95 1.01 
1 1 1 0 2 3 0 2 1 1 0 2 2 3 3 0 0 1 2 3 3 3 0 4 1.03 1.01 0.95 1.01 
1 1 1 0 2 3 0 2 1 3 0 2 2 2 3 0 0 1 1 3 3 3 0 4 1.03 1.05 0.96 0.96 
1 1 1 0 2 3 0 2 1 3 0 2 3 2 3 0 0 1 2 3 1 3 0 4 1.03 1.02 0.97 0.98 
1 1 1 0 2 3 0 2 1 3 0 3 2 2 3 0 0 1 2 3 1 3 0 4 1.03 1.02 0.95 0.99 
1 1 1 0 2 3 0 2 1 3 0 2 2 3 3 0 0 1 2 3 1 3 0 4 1.03 1.02 0.95 0.99 
1 1 1 0 3 2 0 3 3 2 0 3 1 3 2 0 0 1 1 2 2 2 0 4 1.03 1.03 0.96 0.97 
1 1 1 0 2 3 0 2 2 3 0 2 3 2 3 0 0 1 1 3 1 3 0 4 1.03 1.02 0.97 0.98 
1 1 1 0 2 3 0 2 2 3 0 3 2 2 3 0 0 1 1 3 1 3 0 4 1.03 1.02 0.96 0.99 
1 1 1 0 2 3 0 2 3 3 0 2 2 2 3 0 0 1 1 3 1 3 0 4 1.03 1.02 0.96 0.99 
1 1 1 0 2 1 0 2 2 3 0 3 2 3 3 0 0 1 2 3 1 3 0 4 1.03 0.99 0.95 1.03 
1 1 1 0 2 1 0 2 3 3 0 2 2 3 3 0 0 1 2 3 1 3 0 4 1.03 0.99 0.95 1.03 
1 1 1 0 3 1 0 2 2 2 0 3 3 3 2 0 0 1 3 2 1 2 0 4 1.03 0.99 1.02 0.96 
1 1 1 0 2 3 0 2 2 3 0 3 1 2 3 0 0 1 2 3 1 3 0 4 1.03 1.01 0.96 0.99 
1 1 1 0 2 3 0 2 3 3 0 2 1 2 3 0 0 1 2 3 1 3 0 4 1.03 1.01 0.97 0.99 
2 1 1 0 3 1 0 1 2 2 0 3 3 3 2 0 0 1 3 2 1 2 0 4 1.03 1.02 0.98 0.96 
2 1 1 0 3 1 0 3 2 2 0 3 3 3 2 0 0 1 1 2 1 2 0 4 1.03 1.02 0.98 0.96 
2 1 1 0 3 1 0 3 2 2 0 1 3 3 2 0 0 1 3 2 1 2 0 4 1.03 1.03 0.98 0.95 
3 1 1 0 2 1 0 2 3 3 0 2 1 2 3 0 0 1 2 3 1 3 0 4 1.03 1.02 0.97 0.98 
3 1 1 0 2 1 0 2 3 3 0 2 2 1 3 0 0 1 2 3 1 3 0 4 1.03 1.03 0.95 0.98 
2 1 1 0 3 1 0 2 2 2 0 3 3 3 2 0 0 1 3 2 1 1 0 4 1.03 1.0 1.01 0.96 
3 1 3 0 2 1 0 2 3 3 0 2 2 2 3 0 0 1 1 3 1 1 0 4 1.03 1.03 0.96 0.98 
3 1 3 0 2 1 0 2 3 3 0 1 2 2 3 0 0 1 2 3 1 1 0 4 1.03 1.03 0.95 0.98 
3 1 3 0 2 1 0 2 3 3 0 2 1 2 3 0 0 1 2 3 1 1 0 4 1.03 1.02 0.97 0.98 
3 1 3 0 2 1 0 2 3 3 0 2 2 1 3 0 0 1 2 3 1 1 0 4 1.03 1.03 0.95 0.98 
2 1 2 0 3 1 0 2 2 2 0 3 3 3 1 0 0 1 3 2 1 1 0 4 1.03 0.98 1.02 0.96 
2 1 2 0 3 1 0 3 2 2 0 3 3 3 1 0 0 1 2 2 1 1 0 4 1.03 0.98 1.02 0.96 
