42
634
1 0 0 0 1 1 1 2 0 2 0 0 2 2 3 3 3 2 3 1 3 4 0.96 1.02 1.03 0.99 
1 0 0 0 1 1 1 2 0 2 0 0 2 3 3 3 2 2 3 1 3 4 0.96 1.02 1.01 1.01 
1 0 0 0 1 1 1 2 0 2 0 0 2 3 3 3 3 2 2 1 3 4 0.96 1.02 1.03 0.99 
1 0 0 0 1 1 1 2 0 2 0 0 2 3 3 3 3 2 3 1 2 4 0.96 1.02 1.0 1.02 
1 0 0 0 1 1 1 2 0 2 0 0 2 3 2 3 3 2 3 1 3 4 0.96 1.02 1.01 1.0 
1 0 0 0 1 1 1 2 0 2 0 0 2 2 3 3 3 3 2 1 3 4 0.96 1.02 1.05 0.97 
1 0 0 0 1 1 1 2 0 2 0 0 2 3 2 3 3 3 2 1 3 4 0.96 1.02 1.03 0.99 
1 0 0 0 1 1 1 2 0 2 0 0 2 3 3 3 3 3 2 1 2 4 0.96 1.02 1.01 1.0 
1 0 0 0 1 1 1 2 0 2 0 0 2 3 3 2 3 3 3 1 2 4 0.96 1.02 1.02 1.0 
1 0 0 0 1 1 1 2 0 2 0 0 2 3 3 3 2 3 3 1 2 4 0.96 1.02 1.0 1.02 
1 0 0 0 1 1 1 2 0 2 0 0 2 3 2 3 3 3 3 1 2 4 0.96 1.02 1.0 1.02 
1 0 0 0 1 1 1 2 0 2 0 0 2 2 2 3 3 3 3 1 3 4 0.96 1.02 1.03 0.99 
1 0 0 0 1 1 1 2 0 2 0 0 2 3 2 2 3 3 3 1 3 4 0.96 1.02 1.03 0.98 
1 0 0 0 1 1 1 2 0 2 0 0 3 2 2 2 3 3 3 1 3 4 0.96 1.02 1.03 0.99 
1 0 0 0 1 1 1 2 0 2 0 0 3 2 2 3 2 3 3 1 3 4 0.96 1.02 1.01 1.01 
1 0 0 0 1 1 1 2 0 2 0 0 3 2 2 3 3 2 3 1 3 4 0.96 1.02 1.01 1.01 
1 0 0 0 1 1 1 2 0 2 0 0 3 2 2 3 3 3 2 1 3 4 0.96 1.02 1.02 0.99 
1 0 0 0 1 1 1 2 0 2 0 0 3 2 2 3 3 3 3 1 2 4 0.96 1.02 0.99 1.02 
1 0 0 0 1 1 1 2 0 2 0 0 3 3 2 2 2 3 3 1 3 4 0.96 1.02 1.01 1.01 
1 0 0 0 1 1 1 2 0 2 0 0 3 3 2 2 3 3 3 1 2 4 0.96 1.02 1.0 1.02 
1 0 0 0 1 1 1 2 0 2 0 0 3 3 2 2 3 3 2 1 3 4 0.96 1.02 1.03 0.99 
1 0 0 0 1 1 1 2 0 2 0 0 3 3 2 3 3 2 2 1 3 4 0.96 1.02 1.01 1.01 
1 0 0 0 1 1 1 2 0 2 0 0 3 3 2 3 3 3 2 1 2 4 0.96 1.02 0.99 1.02 
1 0 0 0 1 1 1 2 0 2 0 0 3 3 2 3 2 3 3 1 2 4 0.96 1.02 0.97 1.04 
1 0 0 0 1 1 1 2 0 2 0 0 3 3 2 3 3 2 3 1 2 4 0.96 1.02 0.98 1.04 
1 0 0 0 1 1 1 2 0 2 0 0 3 2 3 3 2 3 2 1 3 4 0.96 1.02 1.02 0.99 
1 0 0 0 1 1 1 2 0 2 0 0 3 2 3 3 3 2 2 1 3 4 0.96 1.02 1.02 0.99 
1 0 0 0 1 1 1 2 0 2 0 0 3 2 3 3 3 3 2 1 2 4 0.96 1.02 1.01 1.01 
1 0 0 0 1 1 1 2 0 2 0 0 3 3 3 3 2 2 2 1 3 4 0.96 1.02 1.01 1.01 
1 0 0 0 1 1 1 2 0 2 0 0 3 3 3 2 3 3 2 1 2 4 0.96 1.02 1.01 1.0 
1 0 0 0 1 1 1 2 0 2 0 0 3 3 3 3 2 3 2 1 2 4 0.96 1.02 0.99 1.02 
1 0 0 0 1 1 1 2 0 2 0 0 3 2 3 2 3 3 3 1 2 4 0.96 1.02 1.01 1.0 
1 0 0 0 1 1 1 2 0 2 0 0 3 3 3 2 2 3 3 1 2 4 0.96 1.02 0.99 1.02 
1 0 0 0 1 1 1 2 0 2 0 0 3 3 3 2 3 2 3 1 2 4 0.96 1.02 0.99 1.02 
1 0 0 0 1 1 1 2 0 2 0 0 3 2 3 3 2 3 3 1 2 4 0.96 1.02 0.99 1.02 
1 0 0 0 1 1 1 2 0 2 0 0 3 3 3 3 2 2 3 1 2 4 0.96 1.02 0.97 1.04 
1 0 0 0 1 1 1 2 0 2 0 0 3 2 3 3 3 2 3 1 2 4 0.96 1.02 0.99 1.02 
1 0 0 0 1 1 1 3 0 2 0 0 2 2 3 3 2 2 3 1 3 4 0.96 1.02 1.03 0.98 
1 0 0 0 1 1 1 3 0 2 0 0 2 2 3 3 3 2 3 1 2 4 0.96 1.02 1.02 1.0 
1 0 0 0 1 1 1 3 0 2 0 0 2 3 3 3 2 2 3 1 2 4 0.96 1.02 1.0 1.01 
1 0 0 0 1 1 1 3 0 2 0 0 2 3 3 3 2 2 2 1 3 4 0.96 1.02 1.04 0.98 
1 0 0 0 1 1 1 3 0 2 0 0 2 3 3 3 3 2 2 1 2 4 0.96 1.02 1.02 0.99 
1 0 0 0 1 1 1 3 0 2 0 0 2 3 3 2 3 2 3 1 2 4 0.96 1.02 1.02 0.99 
1 0 0 0 1 1 1 3 0 2 0 0 2 2 3 3 3 3 2 1 2 4 0.96 1.02 1.04 0.98 
1 0 0 0 1 1 1 3 0 2 0 0 2 3 3 2 3 3 2 1 2 4 0.96 1.02 1.04 0.97 
1 0 0 0 1 1 1 3 0 2 0 0 2 3 3 3 2 3 2 1 2 4 0.96 1.02 1.02 0.99 
1 0 0 0 1 1 1 3 0 2 0 0 2 2 3 2 3 3 3 1 2 4 0.96 1.02 1.04 0.98 
1 0 0 0 1 1 1 3 0 2 0 0 2 3 2 2 3 3 3 1 2 4 0.96 1.02 1.02 0.99 
1 0 0 0 1 1 1 3 0 2 0 0 2 3 3 2 2 3 3 1 2 4 0.96 1.02 1.02 0.99 
1 0 0 0 1 1 1 3 0 2 0 0 2 2 3 3 2 3 3 1 2 4 0.96 1.02 1.02 1.0 
1 0 0 0 1 1 1 3 0 2 0 0 3 2 2 2 3 3 3 1 2 4 0.96 1.02 1.02 1.0 
1 0 0 0 1 1 1 3 0 2 0 0 3 2 3 2 2 3 3 1 2 4 0.96 1.02 1.02 1.0 
1 0 0 0 1 1 1 3 0 2 0 0 3 2 3 2 3 3 2 1 2 4 0.96 1.02 1.04 0.98 
1 0 0 0 1 1 1 3 0 2 0 0 3 3 2 2 3 3 2 1 2 4 0.96 1.02 1.02 0.99 
1 0 0 0 1 1 1 3 0 2 0 0 3 3 2 2 2 3 3 1 2 4 0.96 1.02 1.0 1.01 
1 0 0 0 1 1 1 3 0 2 0 0 3 3 2 2 3 2 3 1 2 4 0.96 1.02 1.0 1.01 
1 0 0 0 1 1 1 3 0 2 0 0 3 3 3 2 2 2 3 1 2 4 0.96 1.02 1.0 1.01 
1 0 0 0 1 1 1 3 0 2 0 0 3 3 3 2 3 2 2 1 2 4 0.96 1.02 1.02 1.0 
1 0 0 0 1 1 1 3 0 2 0 0 3 2 3 3 2 2 3 1 2 4 0.96 1.02 1.0 1.02 
1 0 0 0 1 1 1 3 0 2 0 0 3 2 3 3 2 3 2 1 2 4 0.96 1.02 1.02 1.0 
1 0 0 0 1 1 1 3 0 2 0 0 3 3 3 3 2 2 2 1 2 4 0.96 1.02 1.0 1.02 
1 0 0 0 1 1 1 3 0 2 0 0 3 2 3 3 3 2 2 1 2 4 0.96 1.02 1.02 1.0 
1 0 0 0 1 2 1 2 0 2 0 0 2 3 2 3 3 3 3 1 1 4 0.96 1.04 0.98 1.02 
1 0 0 0 1 2 1 2 0 2 0 0 3 3 2 3 3 3 2 1 1 4 0.96 1.04 0.98 1.02 
1 0 0 0 1 2 1 2 0 2 0 0 3 2 2 3 3 3 3 1 1 4 0.96 1.04 0.98 1.02 
1 0 0 0 1 2 1 2 0 2 0 0 3 3 2 2 3 3 3 1 1 4 0.96 1.04 0.98 1.02 
1 0 0 0 1 2 1 2 0 3 0 0 3 2 2 3 3 3 2 1 1 4 0.96 1.04 0.97 1.04 
1 0 0 0 1 2 1 2 0 3 0 0 3 3 2 2 3 3 2 1 1 4 0.96 1.04 0.97 1.03 
1 0 0 0 1 2 1 2 0 3 0 0 3 2 2 2 3 3 3 1 1 4 0.96 1.04 0.97 1.04 
1 0 0 0 1 2 1 3 0 3 0 0 3 2 2 2 2 3 3 1 1 4 0.96 1.04 0.97 1.03 
1 0 0 0 1 2 1 3 0 3 0 0 3 2 2 2 3 3 2 1 1 4 0.96 1.04 0.99 1.01 
1 0 0 0 1 2 1 3 0 3 0 0 3 3 2 2 2 2 3 1 1 4 0.96 1.04 0.96 1.05 
1 0 0 0 1 2 1 3 0 3 0 0 3 3 2 2 2 3 2 1 1 4 0.96 1.04 0.98 1.03 
1 0 0 0 1 2 1 3 0 3 0 0 3 2 3 2 2 2 3 1 1 4 0.96 1.04 0.97 1.03 
1 0 0 0 1 2 1 3 0 3 0 0 3 2 3 2 2 3 2 1 1 4 0.96 1.04 0.99 1.01 
1 0 0 0 1 2 1 3 0 3 0 0 2 3 3 2 2 2 3 1 1 4 0.96 1.04 0.98 1.02 
1 0 0 0 1 2 1 3 0 3 0 0 3 3 3 2 2 2 2 1 1 4 0.96 1.04 0.98 1.03 
1 0 0 0 1 2 1 2 0 1 0 0 2 3 2 3 3 3 3 2 1 4 0.96 1.04 0.98 1.02 
1 0 0 0 1 2 1 2 0 1 0 0 3 3 2 3 3 3 2 2 1 4 0.96 1.04 0.98 1.02 
1 0 0 0 1 2 1 2 0 1 0 0 3 2 2 3 3 3 3 2 1 4 0.96 1.04 0.98 1.02 
1 0 0 0 1 2 1 2 0 1 0 0 3 3 2 2 3 3 3 2 1 4 0.96 1.04 0.98 1.02 
1 0 0 0 1 2 1 3 0 1 0 0 3 2 2 2 3 3 3 2 1 4 0.96 1.04 1.0 1.0 
1 0 0 0 1 2 1 3 0 1 0 0 3 2 2 3 3 3 2 2 1 4 0.96 1.04 1.0 1.0 
1 0 0 0 1 2 1 3 0 1 0 0 3 3 2 2 2 3 3 2 1 4 0.96 1.04 0.99 1.01 
1 0 0 0 1 2 1 3 0 1 0 0 3 3 2 2 3 3 2 2 1 4 0.96 1.04 1.01 0.99 
1 0 0 0 1 2 1 3 0 1 0 0 3 2 3 2 2 3 3 2 1 4 0.96 1.04 1.0 1.0 
1 0 0 0 1 2 1 3 0 1 0 0 3 2 3 2 3 3 2 2 1 4 0.96 1.04 1.02 0.98 
1 0 0 0 1 2 1 3 0 1 0 0 3 3 3 2 2 2 3 2 1 4 0.96 1.04 0.99 1.01 
1 0 0 0 1 3 1 3 0 1 0 0 3 2 3 2 2 2 3 2 1 4 0.96 1.04 1.03 0.97 
1 0 0 0 1 3 1 3 0 1 0 0 3 2 3 2 2 3 2 2 1 4 0.96 1.04 1.05 0.95 
1 0 0 0 1 3 1 3 0 1 0 0 2 3 3 2 2 2 3 2 1 4 0.96 1.04 1.03 0.97 
1 0 0 0 1 3 1 3 0 1 0 0 3 3 3 2 2 2 2 2 1 4 0.96 1.04 1.03 0.97 
1 0 0 0 1 2 1 2 0 2 0 0 1 3 2 3 3 3 3 2 1 4 0.96 1.03 0.99 1.02 
1 0 0 0 1 2 1 2 0 2 0 0 1 2 2 3 3 3 3 3 1 4 0.96 1.03 0.98 1.03 
1 0 0 0 1 2 1 2 0 2 0 0 1 3 2 3 3 3 2 3 1 4 0.96 1.03 0.98 1.03 
1 0 0 0 1 3 1 2 0 2 0 0 1 2 2 3 3 3 2 3 1 4 0.96 1.03 1.02 0.99 
1 0 0 0 1 3 1 2 0 2 0 0 1 3 2 3 3 2 2 3 1 4 0.96 1.03 1.01 1.0 
1 0 0 0 1 3 1 2 0 2 0 0 1 2 3 3 3 2 2 3 1 4 0.96 1.03 1.02 0.99 
1 0 0 0 1 3 1 2 0 2 0 0 1 3 3 3 2 2 2 3 1 4 0.96 1.03 1.01 1.0 
1 0 0 0 1 2 1 2 0 2 0 0 3 3 2 1 3 3 3 2 1 4 0.96 1.03 0.99 1.02 
1 0 0 0 1 2 1 2 0 3 0 0 3 3 2 1 3 3 2 2 1 4 0.96 1.03 0.98 1.03 
1 0 0 0 1 2 1 2 0 3 0 0 3 2 2 1 3 3 3 2 1 4 0.96 1.03 0.98 1.04 
1 0 0 0 1 2 1 3 0 3 0 0 3 2 2 1 2 3 3 2 1 4 0.96 1.03 0.98 1.03 
1 0 0 0 1 2 1 3 0 3 0 0 3 2 2 1 3 3 2 2 1 4 0.96 1.03 1.0 1.01 
1 0 0 0 1 3 1 2 0 2 0 0 2 2 3 3 1 2 3 3 1 4 0.96 1.01 1.03 1.01 
1 0 0 0 1 3 1 2 0 2 0 0 2 3 3 3 1 2 2 3 1 4 0.96 1.01 1.03 1.0 
1 0 0 0 1 3 1 2 0 2 0 0 2 3 2 3 1 2 3 3 1 4 0.96 1.01 1.01 1.02 
1 0 0 0 1 3 1 2 0 2 0 0 2 3 2 3 1 3 2 3 1 4 0.96 1.01 1.03 1.0 
1 0 0 0 1 2 1 2 0 2 0 0 2 3 2 3 1 3 3 3 1 4 0.96 1.01 0.98 1.05 
1 0 0 0 1 2 1 2 0 2 0 0 3 3 2 3 1 3 3 2 1 4 0.96 1.01 0.99 1.04 
1 0 0 0 1 2 1 2 0 2 0 0 3 3 2 3 1 3 2 3 1 4 0.96 1.01 0.98 1.05 
1 0 0 0 1 3 1 2 0 2 0 0 2 2 3 3 3 1 2 3 1 4 0.96 1.01 1.05 0.99 
1 0 0 0 1 3 1 2 0 2 0 0 2 3 2 3 3 1 2 3 1 4 0.96 1.01 1.03 1.0 
1 0 0 0 1 2 1 2 0 2 0 0 2 3 2 3 3 1 3 3 1 4 0.96 1.01 0.98 1.05 
1 0 0 0 1 2 1 2 0 2 0 0 3 3 2 3 3 1 3 2 1 4 0.96 1.01 0.99 1.04 
1 0 0 0 1 2 2 1 0 1 0 0 3 2 2 3 3 3 3 2 1 4 0.96 1.01 1.0 1.02 
1 0 0 0 1 2 2 1 0 1 0 0 3 3 2 2 3 3 3 2 1 4 0.96 1.01 1.01 1.02 
1 0 0 0 1 2 2 1 0 1 0 0 3 3 2 3 3 3 2 2 1 4 0.96 1.01 1.0 1.02 
1 0 0 0 1 2 2 1 0 1 0 0 3 2 3 2 3 3 3 2 1 4 0.96 1.01 1.02 1.0 
1 0 0 0 1 2 2 1 0 1 0 0 3 3 3 2 2 3 3 2 1 4 0.96 1.01 1.01 1.02 
1 0 0 0 1 3 2 1 0 1 0 0 3 2 3 2 2 3 3 2 1 4 0.96 1.01 1.05 0.98 
1 0 0 0 1 3 2 1 0 1 0 0 3 3 3 2 2 2 3 2 1 4 0.96 1.01 1.03 0.99 
1 0 0 0 1 2 2 2 0 1 0 0 1 3 2 3 3 3 3 2 1 4 0.96 1.04 0.98 1.02 
1 0 0 0 1 2 2 3 0 1 0 0 1 2 2 3 3 3 3 2 1 4 0.96 1.04 1.0 1.0 
1 0 0 0 1 2 2 3 0 1 0 0 1 3 2 2 3 3 3 2 1 4 0.96 1.04 1.01 0.99 
1 0 0 0 1 2 2 3 0 1 0 0 1 2 3 2 3 3 3 2 1 4 0.96 1.04 1.02 0.98 
1 0 0 0 1 2 2 3 0 1 0 0 1 3 3 2 2 3 3 2 1 4 0.96 1.04 1.01 0.99 
1 0 0 0 1 3 2 3 0 1 0 0 1 3 3 2 2 2 3 2 1 4 0.96 1.04 1.03 0.97 
1 0 0 0 1 2 2 2 0 1 0 0 3 3 2 1 3 3 3 2 1 4 0.96 1.04 0.98 1.02 
1 0 0 0 1 2 2 3 0 1 0 0 3 2 2 1 3 3 3 2 1 4 0.96 1.04 1.0 1.0 
1 0 0 0 1 2 2 3 0 1 0 0 3 3 2 1 3 3 2 2 1 4 0.96 1.04 1.0 0.99 
1 0 0 0 1 2 2 2 0 1 0 0 3 3 2 3 1 3 3 2 1 4 0.96 1.02 0.98 1.04 
1 0 0 0 1 2 2 3 0 1 0 0 3 3 2 2 1 3 3 2 1 4 0.96 1.02 1.01 1.01 
1 0 0 0 1 2 2 3 0 1 0 0 3 3 2 3 1 3 2 2 1 4 0.96 1.02 1.0 1.01 
1 0 0 0 1 2 2 3 0 1 0 0 3 2 3 2 1 3 3 2 1 4 0.96 1.02 1.02 1.0 
1 0 0 0 1 3 2 3 0 1 0 0 3 2 3 2 1 2 3 2 1 4 0.96 1.02 1.05 0.97 
1 0 0 0 1 2 2 2 0 1 0 0 3 3 2 3 3 1 3 2 1 4 0.96 1.02 0.98 1.04 
1 0 0 0 1 2 2 3 0 1 0 0 3 3 2 2 3 1 3 2 1 4 0.96 1.02 1.01 1.01 
1 0 0 0 1 2 2 3 0 1 0 0 3 3 3 2 2 1 3 2 1 4 0.96 1.02 1.01 1.01 
1 0 0 0 1 3 2 3 0 1 0 0 3 2 3 2 2 1 3 2 1 4 0.96 1.02 1.05 0.97 
1 0 0 0 1 2 2 3 0 3 0 0 1 3 2 2 3 1 3 2 1 4 0.96 1.01 1.01 1.02 
1 0 0 0 1 2 2 3 0 3 0 0 1 3 3 2 2 1 3 2 1 4 0.96 1.01 1.01 1.02 
1 0 0 0 1 3 2 3 0 3 0 0 1 2 3 2 2 1 3 2 1 4 0.96 1.01 1.05 0.98 
1 0 0 0 1 2 2 3 0 3 0 0 1 3 3 2 2 3 1 2 1 4 0.96 1.03 1.01 1.01 
1 0 0 0 1 3 2 3 0 3 0 0 1 3 3 2 2 2 1 2 1 4 0.96 1.03 1.03 0.98 
1 0 0 0 1 2 2 3 0 3 0 0 1 2 2 1 3 3 3 2 1 4 0.96 1.03 1.0 1.01 
1 0 0 0 1 2 2 3 0 3 0 0 1 3 2 2 1 3 3 2 1 4 0.96 1.01 1.01 1.02 
1 0 0 0 1 2 2 3 0 3 0 0 1 2 3 2 1 3 3 2 1 4 0.96 1.01 1.02 1.01 
1 0 0 0 1 3 2 3 0 3 0 0 1 2 3 2 1 2 3 2 1 4 0.96 1.01 1.05 0.98 
1 0 0 0 1 2 2 2 0 3 0 0 3 1 2 1 3 3 3 2 1 4 0.96 1.03 0.98 1.04 
1 0 0 0 1 2 2 3 0 3 0 0 3 1 2 1 3 3 2 2 1 4 0.96 1.03 1.0 1.01 
1 0 0 0 1 2 2 3 0 3 0 0 3 2 2 1 1 3 3 2 1 4 0.96 1.01 1.0 1.03 
1 0 0 0 1 2 2 3 0 3 0 0 3 3 2 1 1 3 2 2 1 4 0.96 1.01 1.0 1.03 
1 0 0 0 1 2 2 3 0 3 0 0 3 1 2 2 1 3 3 2 1 4 0.96 1.0 1.01 1.03 
1 0 0 0 1 2 2 3 0 3 0 0 3 3 2 2 1 1 3 2 1 4 0.96 0.99 1.01 1.05 
1 0 0 0 1 2 2 3 0 3 0 0 3 2 3 2 1 1 3 2 1 4 0.96 0.99 1.02 1.03 
1 0 0 0 1 2 2 3 0 3 0 0 3 1 3 2 2 1 3 2 1 4 0.96 1.0 1.01 1.03 
1 0 0 0 1 2 2 3 0 3 0 0 3 3 3 2 2 1 1 2 1 4 0.96 1.01 1.01 1.03 
1 0 0 0 1 3 2 3 0 3 0 0 3 2 3 2 2 1 1 2 1 4 0.96 1.01 1.05 0.98 
2 0 0 0 1 1 1 2 0 2 0 0 2 3 1 3 3 3 3 1 2 4 0.96 0.99 1.03 1.02 
2 0 0 0 1 1 1 2 0 2 0 0 3 3 1 3 3 3 2 1 2 4 0.96 0.99 1.03 1.02 
2 0 0 0 1 1 1 2 0 2 0 0 3 3 1 2 3 3 3 1 2 4 0.96 0.99 1.03 1.02 
2 0 0 0 1 1 1 2 0 2 0 0 3 3 1 3 2 3 3 1 2 4 0.96 0.99 1.01 1.04 
2 0 0 0 1 1 1 2 0 2 0 0 3 3 1 3 3 2 3 1 2 4 0.96 0.99 1.01 1.04 
2 0 0 0 1 1 1 3 0 2 0 0 2 3 1 3 3 2 3 1 2 4 0.96 0.99 1.04 1.01 
2 0 0 0 1 1 1 3 0 2 0 0 2 3 1 3 2 3 3 1 2 4 0.96 0.99 1.04 1.01 
2 0 0 0 1 1 1 3 0 2 0 0 3 3 1 2 2 3 3 1 2 4 0.96 0.99 1.04 1.01 
2 0 0 0 1 1 1 3 0 2 0 0 3 3 1 2 3 2 3 1 2 4 0.96 0.99 1.04 1.01 
2 0 0 0 1 1 1 3 0 2 0 0 3 3 1 3 2 2 3 1 2 4 0.96 0.99 1.02 1.03 
2 0 0 0 1 1 1 3 0 3 0 0 2 3 1 3 2 2 3 1 2 4 0.96 0.99 1.01 1.04 
2 0 0 0 1 1 1 3 0 3 0 0 2 3 1 2 3 2 3 1 2 4 0.96 0.99 1.03 1.02 
2 0 0 0 1 1 1 3 0 3 0 0 2 2 1 2 3 3 3 1 2 4 0.96 0.99 1.04 1.01 
2 0 0 0 1 1 1 3 0 3 0 0 2 3 1 2 2 3 3 1 2 4 0.96 0.99 1.03 1.02 
2 0 0 0 1 1 1 3 0 3 0 0 3 2 1 2 2 3 3 1 2 4 0.96 0.99 1.02 1.03 
2 0 0 0 1 1 1 3 0 3 0 0 3 2 1 2 3 3 2 1 2 4 0.96 0.99 1.04 1.01 
2 0 0 0 1 1 1 3 0 3 0 0 3 3 1 2 2 2 3 1 2 4 0.96 0.99 1.0 1.05 
2 0 0 0 1 1 1 2 0 2 0 0 2 3 3 1 3 3 3 1 2 4 0.96 1.01 1.03 1.0 
2 0 0 0 1 1 1 2 0 2 0 0 3 3 2 1 3 3 3 1 2 4 0.96 1.01 1.01 1.02 
2 0 0 0 1 1 1 2 0 2 0 0 3 3 3 1 3 3 2 1 2 4 0.96 1.01 1.03 1.0 
2 0 0 0 1 1 1 2 0 2 0 0 3 3 3 1 2 3 3 1 2 4 0.96 1.01 1.01 1.02 
2 0 0 0 1 1 1 2 0 2 0 0 3 3 3 1 3 2 3 1 2 4 0.96 1.01 1.01 1.02 
2 0 0 0 1 1 1 3 0 2 0 0 2 3 3 1 3 2 3 1 2 4 0.96 1.01 1.04 0.99 
2 0 0 0 1 1 1 3 0 2 0 0 2 3 3 1 2 3 3 1 2 4 0.96 1.01 1.04 0.99 
2 0 0 0 1 1 1 3 0 2 0 0 3 2 3 1 2 3 3 1 2 4 0.96 1.01 1.03 1.0 
2 0 0 0 1 1 1 3 0 2 0 0 3 3 3 1 2 2 3 1 2 4 0.96 1.01 1.02 1.01 
2 0 0 0 1 1 1 3 0 2 0 0 3 3 3 1 3 2 2 1 2 4 0.96 1.01 1.04 1.0 
2 0 0 0 1 1 1 3 0 3 0 0 2 3 3 1 2 2 3 1 2 4 0.96 1.01 1.01 1.02 
2 0 0 0 1 1 1 3 0 3 0 0 2 3 3 1 3 2 2 1 2 4 0.96 1.01 1.02 1.01 
2 0 0 0 1 1 1 3 0 3 0 0 2 3 3 1 2 3 2 1 2 4 0.96 1.01 1.02 1.01 
2 0 0 0 1 1 1 3 0 3 0 0 2 2 3 1 2 3 3 1 2 4 0.96 1.01 1.02 1.01 
2 0 0 0 1 1 1 3 0 3 0 0 3 2 2 1 2 3 3 1 2 4 0.96 1.01 1.0 1.03 
2 0 0 0 1 1 1 3 0 3 0 0 3 2 3 1 2 2 3 1 2 4 0.96 1.01 1.0 1.03 
2 0 0 0 1 1 1 3 0 3 0 0 3 2 3 1 2 3 2 1 2 4 0.96 1.01 1.02 1.01 
2 0 0 0 1 1 1 3 0 3 0 0 3 3 3 1 2 2 2 1 2 4 0.96 1.01 1.0 1.03 
2 0 0 0 1 3 1 2 0 2 0 0 2 3 3 1 1 3 3 1 2 4 0.96 1.04 1.03 0.97 
2 0 0 0 1 3 1 2 0 2 0 0 3 3 3 1 1 3 2 1 2 4 0.96 1.04 1.03 0.98 
2 0 0 0 1 3 1 2 0 2 0 0 3 3 3 1 1 2 3 1 2 4 0.96 1.04 1.01 0.99 
2 0 0 0 1 3 1 3 0 2 0 0 2 3 3 1 1 2 3 1 2 4 0.96 1.04 1.04 0.97 
2 0 0 0 1 3 1 3 0 2 0 0 3 2 3 1 1 2 3 1 2 4 0.96 1.04 1.03 0.97 
2 0 0 0 1 3 1 3 0 2 0 0 3 3 3 1 1 2 2 1 2 4 0.96 1.04 1.04 0.97 
2 0 0 0 1 3 1 3 0 3 0 0 2 2 3 1 1 2 3 1 2 4 0.96 1.04 1.02 0.98 
2 0 0 0 1 3 1 3 0 3 0 0 2 3 3 1 1 2 2 1 2 4 0.96 1.04 1.02 0.98 
2 0 0 0 1 3 1 3 0 3 0 0 3 2 3 1 1 2 2 1 2 4 0.96 1.04 1.02 0.98 
2 0 0 0 1 2 1 1 0 1 0 0 3 2 2 3 3 3 3 2 1 4 0.96 1.0 1.02 1.02 
2 0 0 0 1 2 1 1 0 1 0 0 3 3 2 2 3 3 3 2 1 4 0.96 1.0 1.02 1.02 
2 0 0 0 1 2 1 1 0 1 0 0 3 3 2 3 3 3 2 2 1 4 0.96 1.0 1.02 1.02 
2 0 0 0 1 2 1 1 0 1 0 0 3 2 3 2 3 3 3 2 1 4 0.96 1.0 1.04 1.0 
2 0 0 0 1 2 1 1 0 1 0 0 3 3 3 2 2 3 3 2 1 4 0.96 1.0 1.02 1.02 
2 0 0 0 1 3 1 1 0 1 0 0 3 3 3 2 2 2 3 2 1 4 0.96 1.0 1.05 0.99 
2 0 0 0 1 2 1 2 0 1 0 0 1 3 2 3 3 3 3 2 1 4 0.96 1.03 1.0 1.02 
2 0 0 0 1 2 1 3 0 1 0 0 1 2 2 3 3 3 3 2 1 4 0.96 1.03 1.02 1.0 
2 0 0 0 1 2 1 3 0 1 0 0 1 3 2 2 3 3 3 2 1 4 0.96 1.03 1.02 0.99 
2 0 0 0 1 2 1 3 0 1 0 0 1 2 3 2 3 3 3 2 1 4 0.96 1.03 1.04 0.98 
2 0 0 0 1 2 1 3 0 1 0 0 1 3 3 2 2 3 3 2 1 4 0.96 1.03 1.02 0.99 
2 0 0 0 1 3 1 3 0 1 0 0 1 3 3 2 2 2 3 2 1 4 0.96 1.03 1.05 0.97 
2 0 0 0 1 2 1 2 0 1 0 0 3 3 2 1 3 3 3 2 1 4 0.96 1.02 1.0 1.02 
2 0 0 0 1 2 1 3 0 1 0 0 3 2 2 1 3 3 3 2 1 4 0.96 1.02 1.02 1.0 
2 0 0 0 1 2 1 3 0 1 0 0 3 3 2 1 3 3 2 2 1 4 0.96 1.02 1.02 0.99 
2 0 0 0 1 2 1 2 0 1 0 0 3 3 2 3 1 3 3 2 1 4 0.96 1.0 1.0 1.04 
2 0 0 0 1 2 1 3 0 1 0 0 3 3 2 2 1 3 3 2 1 4 0.96 1.0 1.02 1.01 
2 0 0 0 1 2 1 3 0 1 0 0 3 3 2 3 1 3 2 2 1 4 0.96 1.0 1.02 1.01 
2 0 0 0 1 2 1 3 0 1 0 0 3 2 3 2 1 3 3 2 1 4 0.96 1.0 1.04 1.0 
2 0 0 0 1 2 1 2 0 1 0 0 3 3 2 3 3 1 3 2 1 4 0.96 1.0 1.0 1.04 
2 0 0 0 1 2 1 3 0 1 0 0 3 3 2 2 3 1 3 2 1 4 0.96 1.0 1.02 1.01 
2 0 0 0 1 2 1 3 0 1 0 0 3 3 3 2 2 1 3 2 1 4 0.96 1.0 1.02 1.01 
2 0 0 0 1 2 1 3 0 3 0 0 1 3 2 2 3 1 3 2 1 4 0.96 0.99 1.02 1.02 
2 0 0 0 1 2 1 3 0 3 0 0 1 3 3 2 2 1 3 2 1 4 0.96 0.99 1.02 1.02 
2 0 0 0 1 2 1 3 0 3 0 0 1 3 3 2 2 3 1 2 1 4 0.96 1.01 1.02 1.01 
2 0 0 0 1 3 1 3 0 3 0 0 1 3 3 2 2 2 1 2 1 4 0.96 1.01 1.05 0.98 
2 0 0 0 1 2 1 3 0 3 0 0 1 2 2 1 3 3 3 2 1 4 0.96 1.01 1.02 1.01 
2 0 0 0 1 2 1 3 0 3 0 0 1 3 2 2 1 3 3 2 1 4 0.96 0.99 1.02 1.02 
2 0 0 0 1 2 1 3 0 3 0 0 1 2 3 2 1 3 3 2 1 4 0.96 0.99 1.04 1.01 
2 0 0 0 1 2 1 2 0 3 0 0 3 1 2 1 3 3 3 2 1 4 0.96 1.01 1.0 1.04 
2 0 0 0 1 2 1 3 0 3 0 0 3 1 2 1 3 3 2 2 1 4 0.96 1.01 1.02 1.01 
2 0 0 0 1 2 1 3 0 3 0 0 3 2 2 1 1 3 3 2 1 4 0.96 0.99 1.02 1.03 
2 0 0 0 1 2 1 3 0 3 0 0 3 3 2 1 1 3 2 2 1 4 0.96 0.99 1.02 1.03 
2 0 0 0 1 2 1 3 0 3 0 0 3 1 2 2 1 3 3 2 1 4 0.96 0.99 1.02 1.03 
2 0 0 0 1 2 1 3 0 3 0 0 3 3 2 2 1 1 3 2 1 4 0.96 0.97 1.02 1.05 
2 0 0 0 1 2 1 3 0 3 0 0 3 2 3 2 1 1 3 2 1 4 0.96 0.97 1.04 1.03 
2 0 0 0 1 2 1 3 0 3 0 0 3 1 3 2 2 1 3 2 1 4 0.96 0.99 1.02 1.03 
2 0 0 0 1 2 1 3 0 3 0 0 3 3 3 2 2 1 1 2 1 4 0.96 0.99 1.02 1.03 
2 0 0 0 1 2 2 1 0 1 0 0 1 3 2 3 3 3 3 2 1 4 0.96 1.0 1.02 1.02 
2 0 0 0 1 2 2 1 0 1 0 0 1 3 3 2 3 3 3 2 1 4 0.96 1.0 1.04 1.0 
2 0 0 0 1 2 2 1 0 1 0 0 3 3 1 2 3 3 3 2 1 4 0.96 0.98 1.04 1.02 
3 0 0 0 1 3 3 1 0 1 0 0 2 2 2 3 2 2 1 3 1 4 0.96 1.0 1.0 1.04 
3 0 0 0 1 3 3 1 0 1 0 0 2 2 3 2 2 2 1 3 1 4 0.96 1.0 1.02 1.02 
2 0 0 0 1 2 2 1 0 1 0 0 3 3 2 1 3 3 3 2 1 4 0.96 1.0 1.02 1.02 
2 0 0 0 1 2 2 1 0 1 0 0 3 3 2 3 1 3 3 2 1 4 0.96 0.98 1.02 1.04 
2 0 0 0 1 2 2 1 0 1 0 0 3 3 3 2 1 3 3 2 1 4 0.96 0.98 1.04 1.02 
3 0 0 0 1 3 3 1 0 1 0 0 2 2 2 3 2 1 2 3 1 4 0.96 0.98 1.02 1.04 
3 0 0 0 1 3 3 1 0 1 0 0 2 2 3 2 2 1 2 3 1 4 0.96 0.98 1.04 1.02 
2 0 0 0 1 2 2 3 0 1 0 0 1 3 2 3 3 1 3 2 1 4 0.96 1.01 1.02 1.01 
2 0 0 0 1 2 2 3 0 1 0 0 1 3 3 2 3 1 3 2 1 4 0.96 1.01 1.04 0.99 
3 0 0 0 1 3 3 2 0 1 0 0 1 2 2 3 2 2 1 3 1 4 0.96 1.02 0.97 1.04 
2 0 0 0 1 2 2 3 0 1 0 0 1 3 2 1 3 3 3 2 1 4 0.96 1.03 1.02 0.99 
2 0 0 0 1 2 2 3 0 1 0 0 1 3 2 3 1 3 3 2 1 4 0.96 1.01 1.02 1.01 
2 0 0 0 1 2 2 3 0 1 0 0 1 3 3 2 1 3 3 2 1 4 0.96 1.01 1.04 0.99 
3 0 0 0 1 3 3 2 0 1 0 0 2 1 3 1 2 2 2 3 1 4 0.96 1.02 1.0 1.02 
2 0 0 0 1 2 2 3 0 1 0 0 3 3 2 1 1 3 3 2 1 4 0.96 1.0 1.02 1.01 
3 0 0 0 1 3 3 2 0 1 0 0 2 2 3 1 2 1 2 3 1 4 0.96 1.0 1.01 1.02 
2 0 0 0 1 2 2 3 0 1 0 0 3 1 3 2 1 3 3 2 1 4 0.96 1.0 1.04 1.0 
2 0 0 0 1 2 2 3 0 1 0 0 3 3 2 3 1 1 3 2 1 4 0.96 0.98 1.02 1.03 
2 0 0 0 1 2 2 3 0 1 0 0 3 3 3 2 1 1 3 2 1 4 0.96 0.98 1.04 1.01 
3 0 0 0 1 3 3 2 0 1 0 0 2 2 2 3 2 1 1 3 1 4 0.96 1.0 1.0 1.04 
3 0 0 0 1 3 3 2 0 2 0 0 1 2 2 3 1 1 2 3 1 4 0.96 0.97 1.02 1.04 
3 0 0 0 1 3 3 2 0 2 0 0 1 2 3 2 1 1 2 3 1 4 0.96 0.97 1.04 1.02 
3 0 0 0 1 3 3 2 0 2 0 0 1 2 2 3 2 1 1 3 1 4 0.96 0.99 1.01 1.04 
3 0 0 0 1 3 3 2 0 2 0 0 1 2 3 1 2 1 2 3 1 4 0.96 0.99 1.02 1.02 
3 0 0 0 1 3 3 2 0 2 0 0 1 2 2 3 1 2 1 3 1 4 0.96 0.99 1.01 1.04 
3 0 0 0 1 3 3 2 0 2 0 0 1 1 3 1 2 2 2 3 1 4 0.96 1.01 1.01 1.02 
3 0 0 0 1 3 3 2 0 2 0 0 1 2 3 1 1 2 2 3 1 4 0.96 0.99 1.02 1.02 
3 0 0 0 1 3 3 2 0 2 0 0 1 1 2 3 1 2 2 3 1 4 0.96 0.99 1.01 1.04 
2 0 0 0 1 2 2 3 0 3 0 0 3 1 2 1 1 3 3 2 1 4 0.96 0.99 1.02 1.03 
3 0 0 0 1 3 3 2 0 2 0 0 2 1 3 1 2 2 1 3 1 4 0.96 1.01 1.01 1.02 
2 0 0 0 1 2 2 3 0 3 0 0 3 3 2 1 1 1 3 2 1 4 0.96 0.97 1.02 1.05 
2 0 0 0 1 2 2 3 0 3 0 0 3 1 1 2 1 3 3 2 1 4 0.96 0.97 1.04 1.03 
2 0 0 0 1 2 2 3 0 3 0 0 3 1 3 2 1 1 3 2 1 4 0.96 0.97 1.04 1.03 
3 0 0 0 1 3 3 2 0 2 0 0 2 1 2 3 1 2 1 3 1 4 0.96 0.99 1.01 1.04 
2 0 0 0 1 2 2 3 0 3 0 0 3 3 3 2 1 1 1 2 1 4 0.96 0.97 1.04 1.03 
1 1 0 0 0 2 1 2 1 2 0 0 2 3 2 3 3 3 3 1 0 4 1.02 0.97 0.98 1.02 
1 1 0 0 0 2 1 2 1 2 0 0 3 3 2 3 3 3 2 1 0 4 1.02 0.97 0.98 1.02 
1 1 0 0 0 2 1 2 1 2 0 0 3 2 2 3 3 3 3 1 0 4 1.02 0.97 0.98 1.02 
1 1 0 0 0 2 1 2 1 2 0 0 3 3 2 2 3 3 3 1 0 4 1.02 0.97 0.98 1.02 
1 1 0 0 0 2 1 2 1 3 0 0 3 2 2 3 3 3 2 1 0 4 1.02 0.97 0.97 1.04 
1 1 0 0 0 2 1 2 1 3 0 0 3 3 2 2 3 3 2 1 0 4 1.02 0.97 0.97 1.03 
1 1 0 0 0 2 1 2 1 3 0 0 3 2 2 2 3 3 3 1 0 4 1.02 0.97 0.97 1.04 
1 1 0 0 0 2 1 3 1 3 0 0 3 2 2 2 2 3 3 1 0 4 1.02 0.97 0.97 1.03 
1 1 0 0 0 2 1 3 1 3 0 0 3 2 2 2 3 3 2 1 0 4 1.02 0.97 0.99 1.01 
1 1 0 0 0 2 1 3 1 3 0 0 3 3 2 2 2 2 3 1 0 4 1.02 0.97 0.96 1.05 
1 1 0 0 0 2 1 3 1 3 0 0 3 3 2 2 2 3 2 1 0 4 1.02 0.97 0.98 1.03 
1 1 0 0 0 2 1 3 1 3 0 0 3 2 3 2 2 2 3 1 0 4 1.02 0.97 0.97 1.03 
1 1 0 0 0 2 1 3 1 3 0 0 3 2 3 2 2 3 2 1 0 4 1.02 0.97 0.99 1.01 
1 1 0 0 0 2 1 3 1 3 0 0 2 3 3 2 2 2 3 1 0 4 1.02 0.97 0.98 1.02 
1 1 0 0 0 2 1 3 1 3 0 0 3 3 3 2 2 2 2 1 0 4 1.02 0.97 0.98 1.03 
1 1 0 0 0 1 1 2 0 2 0 0 2 2 3 3 3 2 3 1 3 4 1.0 0.99 1.03 0.99 
1 1 0 0 0 1 1 2 0 2 0 0 2 3 3 3 2 2 3 1 3 4 1.0 0.99 1.01 1.01 
1 1 0 0 0 1 1 2 0 2 0 0 2 3 3 3 3 2 2 1 3 4 1.0 0.99 1.03 0.99 
1 1 0 0 0 1 1 2 0 2 0 0 2 3 3 3 3 2 3 1 2 4 1.0 0.99 1.0 1.02 
1 1 0 0 0 1 1 2 0 2 0 0 2 3 2 3 3 2 3 1 3 4 1.0 0.99 1.01 1.0 
1 1 0 0 0 1 1 2 0 2 0 0 2 2 3 3 3 3 2 1 3 4 1.0 0.99 1.05 0.97 
1 1 0 0 0 1 1 2 0 2 0 0 2 3 2 3 3 3 2 1 3 4 1.0 0.99 1.03 0.99 
1 1 0 0 0 1 1 2 0 2 0 0 2 3 3 3 3 3 2 1 2 4 1.0 0.99 1.01 1.0 
1 1 0 0 0 1 1 2 0 2 0 0 2 3 3 2 3 3 3 1 2 4 1.0 0.99 1.02 1.0 
1 1 0 0 0 1 1 2 0 2 0 0 2 3 3 3 2 3 3 1 2 4 1.0 0.99 1.0 1.02 
1 1 0 0 0 1 1 2 0 2 0 0 2 3 2 3 3 3 3 1 2 4 1.0 0.99 1.0 1.02 
1 1 0 0 0 1 1 2 0 2 0 0 2 2 2 3 3 3 3 1 3 4 1.0 0.99 1.03 0.99 
1 1 0 0 0 1 1 2 0 2 0 0 2 3 2 2 3 3 3 1 3 4 1.0 0.99 1.03 0.98 
1 1 0 0 0 1 1 2 0 2 0 0 3 2 2 2 3 3 3 1 3 4 1.0 0.99 1.03 0.99 
1 1 0 0 0 1 1 2 0 2 0 0 3 2 2 3 2 3 3 1 3 4 1.0 0.99 1.01 1.01 
1 1 0 0 0 1 1 2 0 2 0 0 3 2 2 3 3 2 3 1 3 4 1.0 0.99 1.01 1.01 
1 1 0 0 0 1 1 2 0 2 0 0 3 2 2 3 3 3 2 1 3 4 1.0 0.99 1.02 0.99 
1 1 0 0 0 1 1 2 0 2 0 0 3 2 2 3 3 3 3 1 2 4 1.0 0.99 0.99 1.02 
1 1 0 0 0 1 1 2 0 2 0 0 3 3 2 2 2 3 3 1 3 4 1.0 0.99 1.01 1.01 
1 1 0 0 0 1 1 2 0 2 0 0 3 3 2 2 3 3 3 1 2 4 1.0 0.99 1.0 1.02 
1 1 0 0 0 1 1 2 0 2 0 0 3 3 2 2 3 3 2 1 3 4 1.0 0.99 1.03 0.99 
1 1 0 0 0 1 1 2 0 2 0 0 3 3 2 3 3 2 2 1 3 4 1.0 0.99 1.01 1.01 
1 1 0 0 0 1 1 2 0 2 0 0 3 3 2 3 3 3 2 1 2 4 1.0 0.99 0.99 1.02 
1 1 0 0 0 1 1 2 0 2 0 0 3 3 2 3 2 3 3 1 2 4 1.0 0.99 0.97 1.04 
1 1 0 0 0 1 1 2 0 2 0 0 3 3 2 3 3 2 3 1 2 4 1.0 0.99 0.98 1.04 
1 1 0 0 0 1 1 2 0 2 0 0 3 2 3 3 2 3 2 1 3 4 1.0 0.99 1.02 0.99 
1 1 0 0 0 1 1 2 0 2 0 0 3 2 3 3 3 2 2 1 3 4 1.0 0.99 1.02 0.99 
1 1 0 0 0 1 1 2 0 2 0 0 3 2 3 3 3 3 2 1 2 4 1.0 0.99 1.01 1.01 
1 1 0 0 0 1 1 2 0 2 0 0 3 3 3 3 2 2 2 1 3 4 1.0 0.99 1.01 1.01 
1 1 0 0 0 1 1 2 0 2 0 0 3 3 3 2 3 3 2 1 2 4 1.0 0.99 1.01 1.0 
1 1 0 0 0 1 1 2 0 2 0 0 3 3 3 3 2 3 2 1 2 4 1.0 0.99 0.99 1.02 
1 1 0 0 0 1 1 2 0 2 0 0 3 2 3 2 3 3 3 1 2 4 1.0 0.99 1.01 1.0 
1 1 0 0 0 1 1 2 0 2 0 0 3 3 3 2 2 3 3 1 2 4 1.0 0.99 0.99 1.02 
1 1 0 0 0 1 1 2 0 2 0 0 3 3 3 2 3 2 3 1 2 4 1.0 0.99 0.99 1.02 
1 1 0 0 0 1 1 2 0 2 0 0 3 2 3 3 2 3 3 1 2 4 1.0 0.99 0.99 1.02 
1 1 0 0 0 1 1 2 0 2 0 0 3 3 3 3 2 2 3 1 2 4 1.0 0.99 0.97 1.04 
1 1 0 0 0 1 1 2 0 2 0 0 3 2 3 3 3 2 3 1 2 4 1.0 0.99 0.99 1.02 
1 1 0 0 0 1 1 3 0 2 0 0 2 2 3 3 2 2 3 1 3 4 1.0 0.99 1.03 0.98 
1 1 0 0 0 1 1 3 0 2 0 0 2 2 3 3 3 2 3 1 2 4 1.0 0.99 1.02 1.0 
1 1 0 0 0 1 1 3 0 2 0 0 2 3 3 3 2 2 3 1 2 4 1.0 0.99 1.0 1.01 
1 1 0 0 0 1 1 3 0 2 0 0 2 3 3 3 2 2 2 1 3 4 1.0 0.99 1.04 0.98 
1 1 0 0 0 1 1 3 0 2 0 0 2 3 3 3 3 2 2 1 2 4 1.0 0.99 1.02 0.99 
1 1 0 0 0 1 1 3 0 2 0 0 2 3 3 2 3 2 3 1 2 4 1.0 0.99 1.02 0.99 
1 1 0 0 0 1 1 3 0 2 0 0 2 2 3 3 3 3 2 1 2 4 1.0 0.99 1.04 0.98 
1 1 0 0 0 1 1 3 0 2 0 0 2 3 3 2 3 3 2 1 2 4 1.0 0.99 1.04 0.97 
1 1 0 0 0 1 1 3 0 2 0 0 2 3 3 3 2 3 2 1 2 4 1.0 0.99 1.02 0.99 
1 1 0 0 0 1 1 3 0 2 0 0 2 2 3 2 3 3 3 1 2 4 1.0 0.99 1.04 0.98 
1 1 0 0 0 1 1 3 0 2 0 0 2 3 2 2 3 3 3 1 2 4 1.0 0.99 1.02 0.99 
1 1 0 0 0 1 1 3 0 2 0 0 2 3 3 2 2 3 3 1 2 4 1.0 0.99 1.02 0.99 
1 1 0 0 0 1 1 3 0 2 0 0 2 2 3 3 2 3 3 1 2 4 1.0 0.99 1.02 1.0 
1 1 0 0 0 1 1 3 0 2 0 0 3 2 2 2 3 3 3 1 2 4 1.0 0.99 1.02 1.0 
1 1 0 0 0 1 1 3 0 2 0 0 3 2 3 2 2 3 3 1 2 4 1.0 0.99 1.02 1.0 
1 1 0 0 0 1 1 3 0 2 0 0 3 2 3 2 3 3 2 1 2 4 1.0 0.99 1.04 0.98 
1 1 0 0 0 1 1 3 0 2 0 0 3 3 2 2 3 3 2 1 2 4 1.0 0.99 1.02 0.99 
1 1 0 0 0 1 1 3 0 2 0 0 3 3 2 2 2 3 3 1 2 4 1.0 0.99 1.0 1.01 
1 1 0 0 0 1 1 3 0 2 0 0 3 3 2 2 3 2 3 1 2 4 1.0 0.99 1.0 1.01 
1 1 0 0 0 1 1 3 0 2 0 0 3 3 3 2 2 2 3 1 2 4 1.0 0.99 1.0 1.01 
1 1 0 0 0 1 1 3 0 2 0 0 3 3 3 2 3 2 2 1 2 4 1.0 0.99 1.02 1.0 
1 1 0 0 0 1 1 3 0 2 0 0 3 2 3 3 2 2 3 1 2 4 1.0 0.99 1.0 1.02 
1 1 0 0 0 1 1 3 0 2 0 0 3 2 3 3 2 3 2 1 2 4 1.0 0.99 1.02 1.0 
1 1 0 0 0 1 1 3 0 2 0 0 3 3 3 3 2 2 2 1 2 4 1.0 0.99 1.0 1.02 
1 1 0 0 0 1 1 3 0 2 0 0 3 2 3 3 3 2 2 1 2 4 1.0 0.99 1.02 1.0 
1 1 0 0 0 2 1 2 0 2 0 0 2 3 2 1 3 3 3 1 3 4 1.0 1.03 0.98 0.98 
1 1 0 0 0 2 1 2 0 2 0 0 3 3 2 1 3 3 2 1 3 4 1.0 1.03 0.98 0.99 
1 1 0 0 0 2 1 2 0 2 0 0 3 2 2 1 3 3 3 1 3 4 1.0 1.03 0.98 0.99 
1 1 0 0 0 2 1 2 0 3 0 0 2 3 2 1 3 2 3 1 3 4 1.0 1.03 0.95 1.02 
1 1 0 0 0 2 1 2 0 3 0 0 2 3 2 1 3 3 2 1 3 4 1.0 1.03 0.97 1.0 
1 1 0 0 0 2 1 2 0 3 0 0 2 2 2 1 3 3 3 1 3 4 1.0 1.03 0.97 1.0 
1 1 0 0 0 2 1 2 0 3 0 0 3 2 2 1 3 3 2 1 3 4 1.0 1.03 0.97 1.0 
1 1 0 0 0 2 1 3 0 3 0 0 3 2 2 1 2 2 3 1 3 4 1.0 1.03 0.95 1.01 
1 1 0 0 0 2 1 3 0 3 0 0 3 2 2 1 2 3 2 1 3 4 1.0 1.03 0.97 1.0 
1 1 0 0 0 2 1 3 0 3 0 0 2 2 2 1 3 2 3 1 3 4 1.0 1.03 0.98 0.99 
1 1 0 0 0 2 1 3 0 3 0 0 3 2 2 1 3 2 2 1 3 4 1.0 1.03 0.97 1.0 
1 1 0 0 0 2 1 3 0 3 0 0 2 2 2 1 3 3 2 1 3 4 1.0 1.03 0.99 0.97 
1 1 0 0 0 2 1 3 0 3 0 0 2 3 2 1 3 2 2 1 3 4 1.0 1.03 0.98 0.99 
1 1 0 0 0 2 1 2 0 2 0 0 2 3 2 3 3 3 3 1 1 4 1.0 1.0 0.98 1.02 
1 1 0 0 0 2 1 2 0 2 0 0 3 3 2 3 3 3 2 1 1 4 1.0 1.0 0.98 1.02 
1 1 0 0 0 2 1 2 0 2 0 0 3 2 2 3 3 3 3 1 1 4 1.0 1.0 0.98 1.02 
1 1 0 0 0 2 1 2 0 2 0 0 3 3 2 2 3 3 3 1 1 4 1.0 1.0 0.98 1.02 
1 1 0 0 0 2 1 2 0 3 0 0 3 2 2 3 3 3 2 1 1 4 1.0 1.0 0.97 1.04 
1 1 0 0 0 2 1 2 0 3 0 0 3 3 2 2 3 3 2 1 1 4 1.0 1.0 0.97 1.03 
1 1 0 0 0 2 1 2 0 3 0 0 3 2 2 2 3 3 3 1 1 4 1.0 1.0 0.97 1.04 
1 1 0 0 0 2 1 3 0 3 0 0 3 2 2 2 2 3 3 1 1 4 1.0 1.0 0.97 1.03 
1 1 0 0 0 2 1 3 0 3 0 0 3 2 2 2 3 3 2 1 1 4 1.0 1.0 0.99 1.01 
1 1 0 0 0 2 1 3 0 3 0 0 3 3 2 2 2 2 3 1 1 4 1.0 1.0 0.96 1.05 
1 1 0 0 0 2 1 3 0 3 0 0 3 3 2 2 2 3 2 1 1 4 1.0 1.0 0.98 1.03 
1 1 0 0 0 2 1 3 0 3 0 0 3 2 3 2 2 2 3 1 1 4 1.0 1.0 0.97 1.03 
1 1 0 0 0 2 1 3 0 3 0 0 3 2 3 2 2 3 2 1 1 4 1.0 1.0 0.99 1.01 
1 1 0 0 0 2 1 3 0 3 0 0 2 3 3 2 2 2 3 1 1 4 1.0 1.0 0.98 1.02 
1 1 0 0 0 2 1 3 0 3 0 0 3 3 3 2 2 2 2 1 1 4 1.0 1.0 0.98 1.03 
1 1 0 0 0 2 1 2 0 1 0 0 2 3 2 3 3 3 3 2 1 4 1.0 1.0 0.98 1.02 
1 1 0 0 0 2 1 2 0 1 0 0 3 3 2 3 3 3 2 2 1 4 1.0 1.0 0.98 1.02 
1 1 0 0 0 2 1 2 0 1 0 0 3 2 2 3 3 3 3 2 1 4 1.0 1.0 0.98 1.02 
1 1 0 0 0 2 1 2 0 1 0 0 3 3 2 2 3 3 3 2 1 4 1.0 1.0 0.98 1.02 
1 1 0 0 0 2 1 3 0 1 0 0 3 2 2 2 3 3 3 2 1 4 1.0 1.0 1.0 1.0 
1 1 0 0 0 2 1 3 0 1 0 0 3 2 2 3 3 3 2 2 1 4 1.0 1.0 1.0 1.0 
1 1 0 0 0 2 1 3 0 1 0 0 3 3 2 2 2 3 3 2 1 4 1.0 1.0 0.99 1.01 
1 1 0 0 0 2 1 3 0 1 0 0 3 3 2 2 3 3 2 2 1 4 1.0 1.0 1.01 0.99 
1 1 0 0 0 2 1 3 0 1 0 0 3 2 3 2 2 3 3 2 1 4 1.0 1.0 1.0 1.0 
1 1 0 0 0 2 1 3 0 1 0 0 3 2 3 2 3 3 2 2 1 4 1.0 1.0 1.02 0.98 
1 1 0 0 0 2 1 3 0 1 0 0 3 3 3 2 2 2 3 2 1 4 1.0 1.0 0.99 1.01 
1 1 0 0 0 3 1 3 0 1 0 0 3 2 3 2 2 2 3 2 1 4 1.0 1.0 1.03 0.97 
1 1 0 0 0 3 1 3 0 1 0 0 3 2 3 2 2 3 2 2 1 4 1.0 1.0 1.05 0.95 
1 1 0 0 0 3 1 3 0 1 0 0 2 3 3 2 2 2 3 2 1 4 1.0 1.0 1.03 0.97 
1 1 0 0 0 3 1 3 0 1 0 0 3 3 3 2 2 2 2 2 1 4 1.0 1.0 1.03 0.97 
1 1 0 0 0 2 1 2 0 2 0 0 1 3 2 3 3 3 3 2 1 4 1.0 0.99 0.99 1.02 
1 1 0 0 0 2 1 2 0 2 0 0 1 2 2 3 3 3 3 3 1 4 1.0 0.99 0.98 1.03 
1 1 0 0 0 2 1 2 0 2 0 0 1 3 2 3 3 3 2 3 1 4 1.0 0.99 0.98 1.03 
1 1 0 0 0 3 1 2 0 2 0 0 1 2 2 3 3 3 2 3 1 4 1.0 0.99 1.02 0.99 
1 1 0 0 0 3 1 2 0 2 0 0 1 3 2 3 3 2 2 3 1 4 1.0 0.99 1.01 1.0 
1 1 0 0 0 3 1 2 0 2 0 0 1 2 3 3 3 2 2 3 1 4 1.0 0.99 1.02 0.99 
1 1 0 0 0 3 1 2 0 2 0 0 1 3 3 3 2 2 2 3 1 4 1.0 0.99 1.01 1.0 
1 1 0 0 0 2 1 2 0 2 0 0 3 3 2 1 3 3 3 2 1 4 1.0 0.99 0.99 1.02 
1 1 0 0 0 2 1 2 0 3 0 0 3 3 2 1 3 3 2 2 1 4 1.0 0.99 0.98 1.03 
1 1 0 0 0 2 1 2 0 3 0 0 3 2 2 1 3 3 3 2 1 4 1.0 0.99 0.98 1.04 
1 1 0 0 0 2 1 3 0 3 0 0 3 2 2 1 2 3 3 2 1 4 1.0 0.99 0.98 1.03 
1 1 0 0 0 2 1 3 0 3 0 0 3 2 2 1 3 3 2 2 1 4 1.0 0.99 1.0 1.01 
1 1 0 0 0 3 1 2 0 2 0 0 2 2 3 3 1 2 3 3 1 4 1.0 0.97 1.03 1.01 
1 1 0 0 0 3 1 2 0 2 0 0 2 3 3 3 1 2 2 3 1 4 1.0 0.97 1.03 1.0 
1 1 0 0 0 3 1 2 0 2 0 0 2 3 2 3 1 2 3 3 1 4 1.0 0.97 1.01 1.02 
1 1 0 0 0 3 1 2 0 2 0 0 2 3 2 3 1 3 2 3 1 4 1.0 0.97 1.03 1.0 
1 1 0 0 0 2 1 2 0 2 0 0 2 3 2 3 1 3 3 3 1 4 1.0 0.97 0.98 1.05 
1 1 0 0 0 2 1 2 0 2 0 0 3 3 2 3 1 3 3 2 1 4 1.0 0.97 0.99 1.04 
1 1 0 0 0 2 1 2 0 2 0 0 3 3 2 3 1 3 2 3 1 4 1.0 0.97 0.98 1.05 
1 1 0 0 0 3 1 2 0 2 0 0 2 2 3 3 3 1 2 3 1 4 1.0 0.97 1.05 0.99 
1 1 0 0 0 3 1 2 0 2 0 0 2 3 2 3 3 1 2 3 1 4 1.0 0.97 1.03 1.0 
1 1 0 0 0 2 1 2 0 2 0 0 2 3 2 3 3 1 3 3 1 4 1.0 0.97 0.98 1.05 
1 1 0 0 0 2 1 2 0 2 0 0 3 3 2 3 3 1 3 2 1 4 1.0 0.97 0.99 1.04 
2 1 0 0 0 1 1 2 0 2 0 0 2 3 1 3 3 3 3 1 2 4 1.0 0.95 1.03 1.02 
2 1 0 0 0 1 1 2 0 2 0 0 3 3 1 3 3 3 2 1 2 4 1.0 0.95 1.03 1.02 
2 1 0 0 0 1 1 2 0 2 0 0 3 3 1 2 3 3 3 1 2 4 1.0 0.95 1.03 1.02 
2 1 0 0 0 1 1 2 0 2 0 0 3 3 1 3 2 3 3 1 2 4 1.0 0.95 1.01 1.04 
2 1 0 0 0 1 1 2 0 2 0 0 3 3 1 3 3 2 3 1 2 4 1.0 0.95 1.01 1.04 
2 1 0 0 0 1 1 3 0 2 0 0 2 3 1 3 3 2 3 1 2 4 1.0 0.95 1.04 1.01 
2 1 0 0 0 1 1 3 0 2 0 0 2 3 1 3 2 3 3 1 2 4 1.0 0.95 1.04 1.01 
2 1 0 0 0 1 1 3 0 2 0 0 3 3 1 2 2 3 3 1 2 4 1.0 0.95 1.04 1.01 
2 1 0 0 0 1 1 3 0 2 0 0 3 3 1 2 3 2 3 1 2 4 1.0 0.95 1.04 1.01 
2 1 0 0 0 1 1 3 0 2 0 0 3 3 1 3 2 2 3 1 2 4 1.0 0.95 1.02 1.03 
2 1 0 0 0 1 1 3 0 3 0 0 2 3 1 3 2 2 3 1 2 4 1.0 0.95 1.01 1.04 
2 1 0 0 0 1 1 3 0 3 0 0 2 3 1 2 3 2 3 1 2 4 1.0 0.95 1.03 1.02 
2 1 0 0 0 1 1 3 0 3 0 0 2 2 1 2 3 3 3 1 2 4 1.0 0.95 1.04 1.01 
2 1 0 0 0 1 1 3 0 3 0 0 2 3 1 2 2 3 3 1 2 4 1.0 0.95 1.03 1.02 
2 1 0 0 0 1 1 3 0 3 0 0 3 2 1 2 2 3 3 1 2 4 1.0 0.95 1.02 1.03 
2 1 0 0 0 1 1 3 0 3 0 0 3 2 1 2 3 3 2 1 2 4 1.0 0.95 1.04 1.01 
2 1 0 0 0 1 1 3 0 3 0 0 3 3 1 2 2 2 3 1 2 4 1.0 0.95 1.0 1.05 
2 1 0 0 0 1 1 2 0 2 0 0 2 3 3 1 3 3 3 1 2 4 1.0 0.97 1.03 1.0 
2 1 0 0 0 1 1 2 0 2 0 0 3 3 2 1 3 3 3 1 2 4 1.0 0.97 1.01 1.02 
2 1 0 0 0 1 1 2 0 2 0 0 3 3 3 1 3 3 2 1 2 4 1.0 0.97 1.03 1.0 
2 1 0 0 0 1 1 2 0 2 0 0 3 3 3 1 2 3 3 1 2 4 1.0 0.97 1.01 1.02 
2 1 0 0 0 1 1 2 0 2 0 0 3 3 3 1 3 2 3 1 2 4 1.0 0.97 1.01 1.02 
2 1 0 0 0 1 1 3 0 2 0 0 2 3 3 1 3 2 3 1 2 4 1.0 0.97 1.04 0.99 
2 1 0 0 0 1 1 3 0 2 0 0 2 3 3 1 2 3 3 1 2 4 1.0 0.97 1.04 0.99 
2 1 0 0 0 1 1 3 0 2 0 0 3 2 3 1 2 3 3 1 2 4 1.0 0.97 1.03 1.0 
2 1 0 0 0 1 1 3 0 2 0 0 3 3 3 1 2 2 3 1 2 4 1.0 0.97 1.02 1.01 
2 1 0 0 0 1 1 3 0 2 0 0 3 3 3 1 3 2 2 1 2 4 1.0 0.97 1.04 1.0 
2 1 0 0 0 1 1 3 0 3 0 0 2 3 3 1 2 2 3 1 2 4 1.0 0.97 1.01 1.02 
2 1 0 0 0 1 1 3 0 3 0 0 2 3 3 1 3 2 2 1 2 4 1.0 0.97 1.02 1.01 
2 1 0 0 0 1 1 3 0 3 0 0 2 3 3 1 2 3 2 1 2 4 1.0 0.97 1.02 1.01 
2 1 0 0 0 1 1 3 0 3 0 0 2 2 3 1 2 3 3 1 2 4 1.0 0.97 1.02 1.01 
2 1 0 0 0 1 1 3 0 3 0 0 3 2 2 1 2 3 3 1 2 4 1.0 0.97 1.0 1.03 
2 1 0 0 0 1 1 3 0 3 0 0 3 2 3 1 2 2 3 1 2 4 1.0 0.97 1.0 1.03 
2 1 0 0 0 1 1 3 0 3 0 0 3 2 3 1 2 3 2 1 2 4 1.0 0.97 1.02 1.01 
2 1 0 0 0 1 1 3 0 3 0 0 3 3 3 1 2 2 2 1 2 4 1.0 0.97 1.0 1.03 
2 1 0 0 0 3 1 2 0 2 0 0 2 1 3 1 3 3 3 1 2 4 1.0 1.01 1.03 0.96 
2 1 0 0 0 3 1 2 0 2 0 0 3 1 3 1 2 3 3 1 2 4 1.0 1.01 1.01 0.98 
2 1 0 0 0 3 1 3 0 2 0 0 3 1 3 1 2 2 3 1 2 4 1.0 1.01 1.02 0.97 
2 1 0 0 0 3 1 3 0 3 0 0 2 1 3 1 2 2 3 1 2 4 1.0 1.01 1.01 0.98 
2 1 0 0 0 3 1 3 0 3 0 0 3 1 3 1 2 2 2 1 2 4 1.0 1.01 1.0 0.98 
2 1 0 0 0 3 1 2 0 2 0 0 2 3 3 1 1 3 3 1 2 4 1.0 1.0 1.03 0.97 
2 1 0 0 0 3 1 2 0 2 0 0 3 3 3 1 1 3 2 1 2 4 1.0 1.0 1.03 0.98 
2 1 0 0 0 3 1 2 0 2 0 0 3 3 3 1 1 2 3 1 2 4 1.0 1.0 1.01 0.99 
2 1 0 0 0 3 1 3 0 2 0 0 2 3 3 1 1 2 3 1 2 4 1.0 1.0 1.04 0.97 
2 1 0 0 0 3 1 3 0 2 0 0 3 2 3 1 1 2 3 1 2 4 1.0 1.0 1.03 0.97 
2 1 0 0 0 3 1 3 0 2 0 0 3 3 3 1 1 2 2 1 2 4 1.0 1.0 1.04 0.97 
2 1 0 0 0 3 1 3 0 3 0 0 2 2 3 1 1 2 3 1 2 4 1.0 1.0 1.02 0.98 
2 1 0 0 0 3 1 3 0 3 0 0 2 3 3 1 1 2 2 1 2 4 1.0 1.0 1.02 0.98 
2 1 0 0 0 3 1 3 0 3 0 0 3 2 3 1 1 2 2 1 2 4 1.0 1.0 1.02 0.98 
1 0 0 1 1 1 0 2 0 2 0 0 2 2 3 3 3 2 3 1 3 4 1.0 0.99 1.03 0.99 
1 0 0 1 1 1 0 2 0 2 0 0 2 3 3 3 2 2 3 1 3 4 1.0 0.99 1.01 1.01 
1 0 0 1 1 1 0 2 0 2 0 0 2 3 3 3 3 2 2 1 3 4 1.0 0.99 1.03 0.99 
1 0 0 1 1 1 0 2 0 2 0 0 2 3 3 3 3 2 3 1 2 4 1.0 0.99 1.0 1.02 
1 0 0 1 1 1 0 2 0 2 0 0 2 3 2 3 3 2 3 1 3 4 1.0 0.99 1.01 1.0 
1 0 0 1 1 1 0 2 0 2 0 0 2 2 3 3 3 3 2 1 3 4 1.0 0.99 1.05 0.97 
1 0 0 1 1 1 0 2 0 2 0 0 2 3 2 3 3 3 2 1 3 4 1.0 0.99 1.03 0.99 
1 0 0 1 1 1 0 2 0 2 0 0 2 3 3 3 3 3 2 1 2 4 1.0 0.99 1.01 1.0 
1 0 0 1 1 1 0 2 0 2 0 0 2 3 3 2 3 3 3 1 2 4 1.0 0.99 1.02 1.0 
1 0 0 1 1 1 0 2 0 2 0 0 2 3 3 3 2 3 3 1 2 4 1.0 0.99 1.0 1.02 
1 0 0 1 1 1 0 2 0 2 0 0 2 3 2 3 3 3 3 1 2 4 1.0 0.99 1.0 1.02 
1 0 0 1 1 1 0 2 0 2 0 0 2 2 2 3 3 3 3 1 3 4 1.0 0.99 1.03 0.99 
1 0 0 1 1 1 0 2 0 2 0 0 2 3 2 2 3 3 3 1 3 4 1.0 0.99 1.03 0.98 
1 0 0 1 1 1 0 2 0 2 0 0 3 2 2 2 3 3 3 1 3 4 1.0 0.99 1.03 0.99 
1 0 0 1 1 1 0 2 0 2 0 0 3 2 2 3 2 3 3 1 3 4 1.0 0.99 1.01 1.01 
1 0 0 1 1 1 0 2 0 2 0 0 3 2 2 3 3 2 3 1 3 4 1.0 0.99 1.01 1.01 
1 0 0 1 1 1 0 2 0 2 0 0 3 2 2 3 3 3 2 1 3 4 1.0 0.99 1.02 0.99 
1 0 0 1 1 1 0 2 0 2 0 0 3 2 2 3 3 3 3 1 2 4 1.0 0.99 0.99 1.02 
1 0 0 1 1 1 0 2 0 2 0 0 3 3 2 2 2 3 3 1 3 4 1.0 0.99 1.01 1.01 
1 0 0 1 1 1 0 2 0 2 0 0 3 3 2 2 3 3 3 1 2 4 1.0 0.99 1.0 1.02 
1 0 0 1 1 1 0 2 0 2 0 0 3 3 2 2 3 3 2 1 3 4 1.0 0.99 1.03 0.99 
1 0 0 1 1 1 0 2 0 2 0 0 3 3 2 3 3 2 2 1 3 4 1.0 0.99 1.01 1.01 
1 0 0 1 1 1 0 2 0 2 0 0 3 3 2 3 3 3 2 1 2 4 1.0 0.99 0.99 1.02 
1 0 0 1 1 1 0 2 0 2 0 0 3 3 2 3 2 3 3 1 2 4 1.0 0.99 0.97 1.04 
1 0 0 1 1 1 0 2 0 2 0 0 3 3 2 3 3 2 3 1 2 4 1.0 0.99 0.98 1.04 
1 0 0 1 1 1 0 2 0 2 0 0 3 2 3 3 2 3 2 1 3 4 1.0 0.99 1.02 0.99 
1 0 0 1 1 1 0 2 0 2 0 0 3 2 3 3 3 2 2 1 3 4 1.0 0.99 1.02 0.99 
1 0 0 1 1 1 0 2 0 2 0 0 3 2 3 3 3 3 2 1 2 4 1.0 0.99 1.01 1.01 
1 0 0 1 1 1 0 2 0 2 0 0 3 3 3 3 2 2 2 1 3 4 1.0 0.99 1.01 1.01 
1 0 0 1 1 1 0 2 0 2 0 0 3 3 3 2 3 3 2 1 2 4 1.0 0.99 1.01 1.0 
1 0 0 1 1 1 0 2 0 2 0 0 3 3 3 3 2 3 2 1 2 4 1.0 0.99 0.99 1.02 
1 0 0 1 1 1 0 2 0 2 0 0 3 2 3 2 3 3 3 1 2 4 1.0 0.99 1.01 1.0 
1 0 0 1 1 1 0 2 0 2 0 0 3 3 3 2 2 3 3 1 2 4 1.0 0.99 0.99 1.02 
1 0 0 1 1 1 0 2 0 2 0 0 3 3 3 2 3 2 3 1 2 4 1.0 0.99 0.99 1.02 
1 0 0 1 1 1 0 2 0 2 0 0 3 2 3 3 2 3 3 1 2 4 1.0 0.99 0.99 1.02 
1 0 0 1 1 1 0 2 0 2 0 0 3 3 3 3 2 2 3 1 2 4 1.0 0.99 0.97 1.04 
1 0 0 1 1 1 0 2 0 2 0 0 3 2 3 3 3 2 3 1 2 4 1.0 0.99 0.99 1.02 
1 0 0 1 1 1 0 3 0 2 0 0 2 2 3 3 2 2 3 1 3 4 1.0 0.99 1.03 0.98 
1 0 0 1 1 1 0 3 0 2 0 0 2 2 3 3 3 2 3 1 2 4 1.0 0.99 1.02 1.0 
1 0 0 1 1 1 0 3 0 2 0 0 2 3 3 3 2 2 3 1 2 4 1.0 0.99 1.0 1.01 
1 0 0 1 1 1 0 3 0 2 0 0 2 3 3 3 2 2 2 1 3 4 1.0 0.99 1.04 0.98 
1 0 0 1 1 1 0 3 0 2 0 0 2 3 3 3 3 2 2 1 2 4 1.0 0.99 1.02 0.99 
1 0 0 1 1 1 0 3 0 2 0 0 2 3 3 2 3 2 3 1 2 4 1.0 0.99 1.02 0.99 
1 0 0 1 1 1 0 3 0 2 0 0 2 2 3 3 3 3 2 1 2 4 1.0 0.99 1.04 0.98 
1 0 0 1 1 1 0 3 0 2 0 0 2 3 3 2 3 3 2 1 2 4 1.0 0.99 1.04 0.97 
1 0 0 1 1 1 0 3 0 2 0 0 2 3 3 3 2 3 2 1 2 4 1.0 0.99 1.02 0.99 
1 0 0 1 1 1 0 3 0 2 0 0 2 2 3 2 3 3 3 1 2 4 1.0 0.99 1.04 0.98 
1 0 0 1 1 1 0 3 0 2 0 0 2 3 2 2 3 3 3 1 2 4 1.0 0.99 1.02 0.99 
1 0 0 1 1 1 0 3 0 2 0 0 2 3 3 2 2 3 3 1 2 4 1.0 0.99 1.02 0.99 
1 0 0 1 1 1 0 3 0 2 0 0 2 2 3 3 2 3 3 1 2 4 1.0 0.99 1.02 1.0 
1 0 0 1 1 1 0 3 0 2 0 0 3 2 2 2 3 3 3 1 2 4 1.0 0.99 1.02 1.0 
1 0 0 1 1 1 0 3 0 2 0 0 3 2 3 2 2 3 3 1 2 4 1.0 0.99 1.02 1.0 
1 0 0 1 1 1 0 3 0 2 0 0 3 2 3 2 3 3 2 1 2 4 1.0 0.99 1.04 0.98 
1 0 0 1 1 1 0 3 0 2 0 0 3 3 2 2 3 3 2 1 2 4 1.0 0.99 1.02 0.99 
1 0 0 1 1 1 0 3 0 2 0 0 3 3 2 2 2 3 3 1 2 4 1.0 0.99 1.0 1.01 
1 0 0 1 1 1 0 3 0 2 0 0 3 3 2 2 3 2 3 1 2 4 1.0 0.99 1.0 1.01 
1 0 0 1 1 1 0 3 0 2 0 0 3 3 3 2 2 2 3 1 2 4 1.0 0.99 1.0 1.01 
1 0 0 1 1 1 0 3 0 2 0 0 3 3 3 2 3 2 2 1 2 4 1.0 0.99 1.02 1.0 
1 0 0 1 1 1 0 3 0 2 0 0 3 2 3 3 2 2 3 1 2 4 1.0 0.99 1.0 1.02 
1 0 0 1 1 1 0 3 0 2 0 0 3 2 3 3 2 3 2 1 2 4 1.0 0.99 1.02 1.0 
1 0 0 1 1 1 0 3 0 2 0 0 3 3 3 3 2 2 2 1 2 4 1.0 0.99 1.0 1.02 
1 0 0 1 1 1 0 3 0 2 0 0 3 2 3 3 3 2 2 1 2 4 1.0 0.99 1.02 1.0 
1 0 0 1 1 2 0 2 0 2 0 0 2 3 2 1 3 3 3 1 3 4 1.0 1.03 0.98 0.98 
1 0 0 1 1 2 0 2 0 2 0 0 3 3 2 1 3 3 2 1 3 4 1.0 1.03 0.98 0.99 
1 0 0 1 1 2 0 2 0 2 0 0 3 2 2 1 3 3 3 1 3 4 1.0 1.03 0.98 0.99 
1 0 0 1 1 2 0 2 0 3 0 0 2 3 2 1 3 2 3 1 3 4 1.0 1.03 0.95 1.02 
1 0 0 1 1 2 0 2 0 3 0 0 2 3 2 1 3 3 2 1 3 4 1.0 1.03 0.97 1.0 
1 0 0 1 1 2 0 2 0 3 0 0 2 2 2 1 3 3 3 1 3 4 1.0 1.03 0.97 1.0 
1 0 0 1 1 2 0 2 0 3 0 0 3 2 2 1 3 3 2 1 3 4 1.0 1.03 0.97 1.0 
1 0 0 1 1 2 0 3 0 3 0 0 3 2 2 1 2 2 3 1 3 4 1.0 1.03 0.95 1.01 
1 0 0 1 1 2 0 3 0 3 0 0 3 2 2 1 2 3 2 1 3 4 1.0 1.03 0.97 1.0 
1 0 0 1 1 2 0 3 0 3 0 0 2 2 2 1 3 2 3 1 3 4 1.0 1.03 0.98 0.99 
1 0 0 1 1 2 0 3 0 3 0 0 3 2 2 1 3 2 2 1 3 4 1.0 1.03 0.97 1.0 
1 0 0 1 1 2 0 3 0 3 0 0 2 2 2 1 3 3 2 1 3 4 1.0 1.03 0.99 0.97 
1 0 0 1 1 2 0 3 0 3 0 0 2 3 2 1 3 2 2 1 3 4 1.0 1.03 0.98 0.99 
1 0 0 1 1 2 0 2 0 2 0 0 2 3 2 3 3 3 3 1 1 4 1.0 1.0 0.98 1.02 
1 0 0 1 1 2 0 2 0 2 0 0 3 3 2 3 3 3 2 1 1 4 1.0 1.0 0.98 1.02 
1 0 0 1 1 2 0 2 0 2 0 0 3 2 2 3 3 3 3 1 1 4 1.0 1.0 0.98 1.02 
1 0 0 1 1 2 0 2 0 2 0 0 3 3 2 2 3 3 3 1 1 4 1.0 1.0 0.98 1.02 
1 0 0 1 1 2 0 2 0 3 0 0 3 2 2 3 3 3 2 1 1 4 1.0 1.0 0.97 1.04 
1 0 0 1 1 2 0 2 0 3 0 0 3 3 2 2 3 3 2 1 1 4 1.0 1.0 0.97 1.03 
1 0 0 1 1 2 0 2 0 3 0 0 3 2 2 2 3 3 3 1 1 4 1.0 1.0 0.97 1.04 
1 0 0 1 1 2 0 3 0 3 0 0 3 2 2 2 2 3 3 1 1 4 1.0 1.0 0.97 1.03 
1 0 0 1 1 2 0 3 0 3 0 0 3 2 2 2 3 3 2 1 1 4 1.0 1.0 0.99 1.01 
1 0 0 1 1 2 0 3 0 3 0 0 3 3 2 2 2 2 3 1 1 4 1.0 1.0 0.96 1.05 
1 0 0 1 1 2 0 3 0 3 0 0 3 3 2 2 2 3 2 1 1 4 1.0 1.0 0.98 1.03 
1 0 0 1 1 2 0 3 0 3 0 0 3 2 3 2 2 2 3 1 1 4 1.0 1.0 0.97 1.03 
1 0 0 1 1 2 0 3 0 3 0 0 3 2 3 2 2 3 2 1 1 4 1.0 1.0 0.99 1.01 
1 0 0 1 1 2 0 3 0 3 0 0 2 3 3 2 2 2 3 1 1 4 1.0 1.0 0.98 1.02 
1 0 0 1 1 2 0 3 0 3 0 0 3 3 3 2 2 2 2 1 1 4 1.0 1.0 0.98 1.03 
1 0 0 1 1 2 0 2 0 1 0 0 2 3 2 3 3 3 3 2 1 4 1.0 1.0 0.98 1.02 
1 0 0 1 1 2 0 2 0 1 0 0 3 3 2 3 3 3 2 2 1 4 1.0 1.0 0.98 1.02 
1 0 0 1 1 2 0 2 0 1 0 0 3 2 2 3 3 3 3 2 1 4 1.0 1.0 0.98 1.02 
1 0 0 1 1 2 0 2 0 1 0 0 3 3 2 2 3 3 3 2 1 4 1.0 1.0 0.98 1.02 
1 0 0 1 1 2 0 3 0 1 0 0 3 2 2 2 3 3 3 2 1 4 1.0 1.0 1.0 1.0 
1 0 0 1 1 2 0 3 0 1 0 0 3 2 2 3 3 3 2 2 1 4 1.0 1.0 1.0 1.0 
1 0 0 1 1 2 0 3 0 1 0 0 3 3 2 2 2 3 3 2 1 4 1.0 1.0 0.99 1.01 
1 0 0 1 1 2 0 3 0 1 0 0 3 3 2 2 3 3 2 2 1 4 1.0 1.0 1.01 0.99 
1 0 0 1 1 2 0 3 0 1 0 0 3 2 3 2 2 3 3 2 1 4 1.0 1.0 1.0 1.0 
1 0 0 1 1 2 0 3 0 1 0 0 3 2 3 2 3 3 2 2 1 4 1.0 1.0 1.02 0.98 
1 0 0 1 1 2 0 3 0 1 0 0 3 3 3 2 2 2 3 2 1 4 1.0 1.0 0.99 1.01 
1 0 0 1 1 3 0 3 0 1 0 0 3 2 3 2 2 2 3 2 1 4 1.0 1.0 1.03 0.97 
1 0 0 1 1 3 0 3 0 1 0 0 3 2 3 2 2 3 2 2 1 4 1.0 1.0 1.05 0.95 
1 0 0 1 1 3 0 3 0 1 0 0 2 3 3 2 2 2 3 2 1 4 1.0 1.0 1.03 0.97 
1 0 0 1 1 3 0 3 0 1 0 0 3 3 3 2 2 2 2 2 1 4 1.0 1.0 1.03 0.97 
1 0 0 1 1 2 0 2 0 2 0 0 1 3 2 3 3 3 3 2 1 4 1.0 0.99 0.99 1.02 
1 0 0 1 1 2 0 2 0 2 0 0 1 2 2 3 3 3 3 3 1 4 1.0 0.99 0.98 1.03 
1 0 0 1 1 2 0 2 0 2 0 0 1 3 2 3 3 3 2 3 1 4 1.0 0.99 0.98 1.03 
1 0 0 1 1 3 0 2 0 2 0 0 1 2 2 3 3 3 2 3 1 4 1.0 0.99 1.02 0.99 
1 0 0 1 1 3 0 2 0 2 0 0 1 3 2 3 3 2 2 3 1 4 1.0 0.99 1.01 1.0 
1 0 0 1 1 3 0 2 0 2 0 0 1 2 3 3 3 2 2 3 1 4 1.0 0.99 1.02 0.99 
1 0 0 1 1 3 0 2 0 2 0 0 1 3 3 3 2 2 2 3 1 4 1.0 0.99 1.01 1.0 
1 0 0 1 1 2 0 2 0 2 0 0 3 3 2 1 3 3 3 2 1 4 1.0 0.99 0.99 1.02 
1 0 0 1 1 2 0 2 0 3 0 0 3 3 2 1 3 3 2 2 1 4 1.0 0.99 0.98 1.03 
1 0 0 1 1 2 0 2 0 3 0 0 3 2 2 1 3 3 3 2 1 4 1.0 0.99 0.98 1.04 
1 0 0 1 1 2 0 3 0 3 0 0 3 2 2 1 2 3 3 2 1 4 1.0 0.99 0.98 1.03 
1 0 0 1 1 2 0 3 0 3 0 0 3 2 2 1 3 3 2 2 1 4 1.0 0.99 1.0 1.01 
1 0 0 1 1 3 0 2 0 2 0 0 2 2 3 3 1 2 3 3 1 4 1.0 0.97 1.03 1.01 
1 0 0 1 1 3 0 2 0 2 0 0 2 3 3 3 1 2 2 3 1 4 1.0 0.97 1.03 1.0 
1 0 0 1 1 3 0 2 0 2 0 0 2 3 2 3 1 2 3 3 1 4 1.0 0.97 1.01 1.02 
1 0 0 1 1 3 0 2 0 2 0 0 2 3 2 3 1 3 2 3 1 4 1.0 0.97 1.03 1.0 
1 0 0 1 1 2 0 2 0 2 0 0 2 3 2 3 1 3 3 3 1 4 1.0 0.97 0.98 1.05 
1 0 0 1 1 2 0 2 0 2 0 0 3 3 2 3 1 3 3 2 1 4 1.0 0.97 0.99 1.04 
1 0 0 1 1 2 0 2 0 2 0 0 3 3 2 3 1 3 2 3 1 4 1.0 0.97 0.98 1.05 
1 0 0 1 1 3 0 2 0 2 0 0 2 2 3 3 3 1 2 3 1 4 1.0 0.97 1.05 0.99 
1 0 0 1 1 3 0 2 0 2 0 0 2 3 2 3 3 1 2 3 1 4 1.0 0.97 1.03 1.0 
1 0 0 1 1 2 0 2 0 2 0 0 2 3 2 3 3 1 3 3 1 4 1.0 0.97 0.98 1.05 
1 0 0 1 1 2 0 2 0 2 0 0 3 3 2 3 3 1 3 2 1 4 1.0 0.97 0.99 1.04 
2 0 0 1 1 2 0 1 0 1 0 0 3 2 2 3 3 3 3 2 1 4 1.0 0.96 1.02 1.02 
2 0 0 1 1 2 0 1 0 1 0 0 3 3 2 2 3 3 3 2 1 4 1.0 0.96 1.02 1.02 
2 0 0 1 1 2 0 1 0 1 0 0 3 3 2 3 3 3 2 2 1 4 1.0 0.96 1.02 1.02 
2 0 0 1 1 2 0 1 0 1 0 0 3 2 3 2 3 3 3 2 1 4 1.0 0.96 1.04 1.0 
2 0 0 1 1 2 0 1 0 1 0 0 3 3 3 2 2 3 3 2 1 4 1.0 0.96 1.02 1.02 
2 0 0 1 1 3 0 1 0 1 0 0 3 3 3 2 2 2 3 2 1 4 1.0 0.96 1.05 0.99 
2 0 0 1 1 2 0 2 0 1 0 0 1 3 2 3 3 3 3 2 1 4 1.0 0.99 1.0 1.02 
2 0 0 1 1 2 0 3 0 1 0 0 1 2 2 3 3 3 3 2 1 4 1.0 0.99 1.02 1.0 
2 0 0 1 1 2 0 3 0 1 0 0 1 3 2 2 3 3 3 2 1 4 1.0 0.99 1.02 0.99 
2 0 0 1 1 2 0 3 0 1 0 0 1 2 3 2 3 3 3 2 1 4 1.0 0.99 1.04 0.98 
2 0 0 1 1 2 0 3 0 1 0 0 1 3 3 2 2 3 3 2 1 4 1.0 0.99 1.02 0.99 
2 0 0 1 1 3 0 3 0 1 0 0 1 3 3 2 2 2 3 2 1 4 1.0 0.99 1.05 0.97 
2 0 0 1 1 2 0 2 0 1 0 0 3 3 2 1 3 3 3 2 1 4 1.0 0.99 1.0 1.02 
2 0 0 1 1 2 0 3 0 1 0 0 3 2 2 1 3 3 3 2 1 4 1.0 0.99 1.02 1.0 
2 0 0 1 1 2 0 3 0 1 0 0 3 3 2 1 3 3 2 2 1 4 1.0 0.99 1.02 0.99 
2 0 0 1 1 2 0 2 0 1 0 0 3 3 2 3 1 3 3 2 1 4 1.0 0.97 1.0 1.04 
2 0 0 1 1 2 0 3 0 1 0 0 3 3 2 2 1 3 3 2 1 4 1.0 0.97 1.02 1.01 
2 0 0 1 1 2 0 3 0 1 0 0 3 3 2 3 1 3 2 2 1 4 1.0 0.97 1.02 1.01 
2 0 0 1 1 2 0 3 0 1 0 0 3 2 3 2 1 3 3 2 1 4 1.0 0.97 1.04 1.0 
2 0 0 1 1 2 0 2 0 1 0 0 3 3 2 3 3 1 3 2 1 4 1.0 0.97 1.0 1.04 
2 0 0 1 1 2 0 3 0 1 0 0 3 3 2 2 3 1 3 2 1 4 1.0 0.97 1.02 1.01 
2 0 0 1 1 2 0 3 0 1 0 0 3 3 3 2 2 1 3 2 1 4 1.0 0.97 1.02 1.01 
2 0 0 1 1 2 0 3 0 3 0 0 1 3 2 2 3 1 3 2 1 4 1.0 0.96 1.02 1.02 
2 0 0 1 1 2 0 3 0 3 0 0 1 3 3 2 2 1 3 2 1 4 1.0 0.96 1.02 1.02 
2 0 0 1 1 2 0 3 0 3 0 0 1 3 3 2 2 3 1 2 1 4 1.0 0.97 1.02 1.01 
2 0 0 1 1 3 0 3 0 3 0 0 1 3 3 2 2 2 1 2 1 4 1.0 0.97 1.05 0.98 
2 0 0 1 1 2 0 3 0 3 0 0 1 2 2 1 3 3 3 2 1 4 1.0 0.98 1.02 1.01 
2 0 0 1 1 2 0 3 0 3 0 0 1 3 2 2 1 3 3 2 1 4 1.0 0.95 1.02 1.02 
2 0 0 1 1 2 0 3 0 3 0 0 1 2 3 2 1 3 3 2 1 4 1.0 0.95 1.04 1.01 
2 0 0 1 1 2 0 2 0 3 0 0 3 1 2 1 3 3 3 2 1 4 1.0 0.97 1.0 1.04 
2 0 0 1 1 2 0 3 0 3 0 0 3 1 2 1 3 3 2 2 1 4 1.0 0.97 1.02 1.01 
2 0 0 1 1 2 0 3 0 3 0 0 3 2 2 1 1 3 3 2 1 4 1.0 0.95 1.02 1.03 
2 0 0 1 1 2 0 3 0 3 0 0 3 3 2 1 1 3 2 2 1 4 1.0 0.95 1.02 1.03 
2 0 0 1 1 2 0 3 0 3 0 0 3 1 3 2 2 1 3 2 1 4 1.0 0.95 1.02 1.03 
2 0 0 1 1 2 0 3 0 3 0 0 3 3 3 2 2 1 1 2 1 4 1.0 0.95 1.02 1.03 
